2637 1535
2636 1534
2635 1533
2634 1532
2633 1531
2632 1530
2631 1529
2630 1528
2629 1527
2628 1526
2627 1525
2626 1524
2625 1523
2624 1522
2623 1521
2622 1520
2621 1519
2620 1518
2619 1517
2618 1516
2617 1515
2616 1514
2615 1513
2614 1512
2613 1511
2612 1510
2611 1509
2610 1508
2609 1507
2608 1506
2607 1505
2606 1504
2605 1503
2604 1502
2603 1501
2602 1500
2601 1499
2600 1498
2599 1497
2598 1496
2597 1495
2596 1494
2595 1493
2594 1492
2593 1491
2592 1490
2591 1489
2590 1488
2589 1487
2588 1486
2587 1485
2586 1484
2585 1483
2584 1482
2583 1481
2582 1480
2581 1479
2580 1478
2579 1477
2578 1476
2577 1475
2576 1474
2575 1473
2574 1472
2573 1471
2572 1470
2571 1469
2570 1468
2569 1467
2568 1466
2567 1465
2566 1464
2565 1463
2564 1462
2563 1461
2562 1460
2561 1459
2560 1458
2559 1457
2558 1456
2557 1455
2556 1454
2555 1453
2554 1452
2553 1451
2552 1450
2551 1449
2550 1448
2549 1447
2548 1446
2547 1445
2546 1444
2545 1443
2544 1442
2543 1441
2542 1440
2541 1439
2540 1438
2539 1437
2538 1436
2537 1435
2536 1434
2535 1433
2534 1432
2533 1431
2532 1430
2531 1429
2530 1428
2529 1427
2528 1426
2527 1425
2526 1424
2525 1423
2524 1422
2523 1421
2522 1420
2521 1419
2520 1418
2519 1417
2518 1416
2517 1415
2516 1414
2515 1413
2514 1412
2513 1411
2512 1410
2511 1409
2510 1408
2509 1407
2508 1406
2507 1405
2506 1404
2505 1403
2504 1402
2503 1401
2502 1400
2501 1399
2500 1398
2499 1397
2498 1396
2497 1395
2496 1394
2495 1393
2494 1392
2493 1391
2492 1390
2491 1389
2490 1388
2489 1387
2488 1386
2487 1385
2486 1384
2485 1383
2484 1382
2483 1381
2482 1380
2481 1379
2480 1378
2479 1377
2478 1376
2477 1375
2476 1374
2475 1373
2474 1372
2473 1371
2472 1370
2471 1369
2470 1368
2469 1367
2468 1366
2467 1365
2466 1364
2465 1363
2464 1362
2463 1361
2462 1360
2461 1359
2460 1358
2459 1357
2458 1356
2457 1355
2456 1354
2455 1353
2454 1352
2453 1351
2452 1350
2451 1349
2450 1348
2449 1347
2448 1346
2447 1345
2446 1344
2445 1343
2444 1342
2443 1341
2442 1340
2441 1339
2440 1338
2439 1337
2438 1336
2437 1335
2436 1334
2435 1333
2434 1332
2433 1331
2432 1330
2431 1329
2430 1328
2429 1327
2428 1326
2427 1325
2426 1324
2425 1323
2424 1322
2423 1321
2422 1320
2421 1319
2420 1318
2419 1317
2418 1316
2417 1315
2416 1314
2415 1313
2414 1312
2413 1311
2412 1310
2411 1309
2410 1308
2409 1307
2408 1306
2407 1305
2406 1304
2405 1303
2404 1302
2403 1301
2402 1300
2401 1299
2400 1298
2399 1297
2398 1296
2397 1295
2396 1294
2395 1293
2394 1292
2393 1291
2392 1290
2391 1289
2390 1288
2389 1287
2388 1286
2387 1285
2386 1284
2385 1283
2384 1282
2383 1281
2382 1280
2381 1279
2380 1278
2379 1277
2378 1276
2377 1275
2376 1274
2375 1273
2374 1272
2373 1271
2372 1270
2371 1269
2370 1268
2369 1267
2368 1266
2367 1265
2366 1264
2365 1263
2364 1262
2363 1261
2362 1260
2361 1259
2360 1258
2359 1257
2358 1256
2357 1255
2356 1254
2355 1253
2354 1252
2353 1251
2352 1250
2351 1249
2350 1248
2349 1247
2348 1246
2347 1245
2346 1244
2345 1243
2344 1242
2343 1241
2342 1240
2341 1239
2340 1238
2339 1237
2338 1236
2337 1235
2336 1234
2335 1233
2334 1232
2333 1231
2332 1230
2331 1229
2330 1228
2329 1227
2328 1226
2327 1225
2326 1224
2325 1223
2324 1222
2323 1221
2322 1220
2321 1219
2320 1218
2319 1217
2318 1216
2317 1215
2316 1214
2315 1213
2314 1212
2313 1211
2312 1210
2311 1209
2310 1208
2309 1207
2308 1206
2307 1205
2306 1204
2305 1203
2304 1202
2303 1201
2302 1200
2301 1199
2300 1198
2299 1197
2298 1196
2297 1195
2296 1194
2295 1193
2294 1192
2293 1191
2292 1190
2291 1189
2290 1188
2289 1187
2288 1186
2287 1185
2286 1184
2285 1183
2284 1182
2283 1181
2282 1180
2281 1179
2280 1178
2279 1177
2278 1176
2277 1175
2276 1174
2275 1173
2274 1172
2273 1171
2272 1170
2271 1169
2270 1168
2269 1167
2268 1166
2267 1165
2266 1164
2265 1163
2264 1162
2263 1161
2262 1160
2261 1159
2260 1158
2259 1157
2258 1156
2257 1155
2256 1154
2255 1153
2254 1152
2253 1151
2252 1150
2251 1149
2250 1148
2249 1147
2248 1146
2247 1145
2246 1144
2245 1143
2244 1142
2243 1141
2242 1140
2241 1139
2240 1138
2239 1137
2238 1136
2237 1135
2236 1134
2235 1133
2234 1132
2233 1131
2232 1130
2231 1129
2230 1128
2229 1127
2228 1126
2227 1125
2226 1124
2225 1123
2224 1122
2223 1121
2222 1120
2221 1119
2220 1118
2219 1117
2218 1116
2217 1115
2216 1114
2215 1113
2214 1112
2213 1111
2212 1110
2211 1109
2210 1108
2209 1107
2208 1106
2207 1105
2206 1104
2205 1103
2204 1102
2203 1101
2202 1100
2201 1099
2200 1098
2199 1097
2198 1096
2197 1095
2196 1094
2195 1093
2194 1092
2193 1091
2192 1090
2191 1089
2190 1088
2189 1087
2188 1086
2187 1085
2186 1084
2185 1083
2184 1082
2183 1081
2182 1080
2181 1079
2180 1078
2179 1077
2178 1076
2177 1075
2176 1074
2175 1073
2174 1072
2173 1071
2172 1070
2171 1069
2170 1068
2169 1067
2168 1066
2167 1065
2166 1064
2165 1063
2164 1062
2163 1061
2162 1060
2161 1059
2160 1058
2159 1057
2158 1056
2157 1055
2156 1054
2155 1053
2154 1052
2153 1051
2152 1050
2151 1049
2150 1048
2149 1047
2148 1046
2147 1045
2146 1044
2145 1043
2144 1042
2143 1041
2142 1040
2141 1039
2140 1038
2139 1037
2138 1036
2137 1035
2136 1034
2135 1033
2134 1032
2133 1031
2132 1030
2131 1029
2130 1028
2129 1027
2128 1026
2127 1025
2126 1024
2125 1023
2124 1022
2123 1021
2122 1020
2121 1019
2120 1018
2119 1017
2118 1016
2117 1015
2116 1014
2115 1013
2114 1012
2113 1011
2112 1010
2111 1009
2110 1008
2109 1007
2108 1006
2107 1005
2106 1004
2105 1003
2104 1002
2103 1001
2102 1000
2101 999
2100 998
2099 997
2098 996
2097 995
2096 994
2095 993
2094 992
2093 991
2092 990
2091 989
2090 988
2089 987
2088 986
2087 985
2086 984
2085 983
2084 982
2083 981
2082 980
2081 979
2080 978
2079 977
2078 976
2077 975
2076 974
2075 973
2074 972
2073 971
2072 970
2071 969
2070 968
2069 967
2068 966
2067 965
2066 964
2065 963
2064 962
2063 961
2062 960
2061 959
2060 958
2059 957
2058 956
2057 955
2056 954
2055 953
2054 952
2053 951
2052 950
2051 949
2050 948
2049 947
2048 946
2047 945
2046 944
2045 943
2044 942
2043 941
2042 940
2041 939
2040 938
2039 937
2038 936
2037 935
2036 934
2035 933
2034 932
2033 931
2032 930
2031 929
2030 928
2029 927
2028 926
2027 925
2026 924
2025 923
2024 922
2023 921
2022 920
2021 919
2020 918
2019 917
2018 916
2017 915
2016 914
2015 913
2014 912
2013 911
2012 910
2011 909
2010 908
2009 907
2008 906
2007 905
2006 904
2005 903
2004 902
2003 901
2002 900
2001 899
2000 898
1999 897
1998 896
1997 895
1996 894
1995 893
1994 892
1993 891
1992 890
1991 889
1990 888
1989 887
1988 886
1987 885
1986 884
1985 883
1984 882
1983 881
1982 880
1981 879
1980 878
1979 877
1978 876
1977 875
1976 874
1975 873
1974 872
1973 871
1972 870
1971 869
1970 868
1969 867
1968 866
1967 865
1966 864
1965 863
1964 862
1963 861
1962 860
1961 859
1960 858
1959 857
1958 856
1957 855
1956 854
1955 853
1954 852
1953 851
1952 850
1951 849
1950 848
1949 847
1948 846
1947 845
1946 844
1945 843
1944 842
1943 841
1942 840
1941 839
1940 838
1939 837
1938 836
1937 835
1936 834
1935 833
1934 832
1933 831
1932 830
1931 829
1930 828
1929 827
1928 826
1927 825
1926 824
1925 823
1924 822
1923 821
1922 820
1921 819
1920 818
1919 817
1918 816
1917 815
1916 814
1915 813
1914 812
1913 811
1912 810
1911 809
1910 808
1909 807
1908 806
1907 805
1906 804
1905 803
1904 802
1903 801
1902 800
1901 799
1900 798
1899 797
1898 796
1897 795
1896 794
1895 793
1894 792
1893 791
1892 790
1891 789
1890 788
1889 787
1888 786
1887 785
1886 784
1885 783
1884 782
1883 781
1882 780
1881 779
1880 778
1879 777
1878 776
1877 775
1876 774
1875 773
1874 772
1873 771
1872 770
1871 769
1870 768
1869 767
1868 766
1867 765
1866 764
1865 763
1864 762
1863 761
1862 760
1861 759
1860 758
1859 757
1858 756
1857 755
1856 754
1855 753
1854 752
1853 751
1852 750
1851 749
1850 748
1849 747
1848 746
1847 745
1846 744
1845 743
1844 742
1843 741
1842 740
1841 739
1840 738
1839 737
1838 736
1837 735
1836 734
1835 733
1834 732
1833 731
1832 730
1831 729
1830 728
1829 727
1828 726
1827 725
1826 724
1825 723
1824 722
1823 721
1822 720
1821 719
1820 718
1819 717
1818 716
1817 715
1816 714
1815 713
1814 712
1813 711
1812 710
1811 709
1810 708
1809 707
1808 706
1807 705
1806 704
1805 703
1804 702
1803 701
1802 700
1801 699
1800 698
1799 697
1798 696
1797 695
1796 694
1795 693
1794 692
1793 691
1792 690
1791 689
1790 688
1789 687
1788 686
1787 685
1786 684
1785 683
1784 682
1783 681
1782 680
1781 679
1780 678
1779 677
1778 676
1777 675
1776 674
1775 673
1774 672
1773 671
1772 670
1771 669
1770 668
1769 667
1768 666
1767 665
1766 664
1765 663
1764 662
1763 661
1762 660
1761 659
1760 658
1759 657
1758 656
1757 655
1756 654
1755 653
1754 652
1753 651
1752 650
1751 649
1750 648
1749 647
1748 646
1747 645
1746 644
1745 643
1744 642
1743 641
1742 640
1741 639
1740 638
1739 637
1738 636
1737 635
1736 634
1735 633
1734 632
1733 631
1732 630
1731 629
1730 628
1729 627
1728 626
1727 625
1726 624
1725 623
1724 622
1723 621
1722 620
1721 619
1720 618
1719 617
1718 616
1717 615
1716 614
1715 613
1714 612
1713 611
1712 610
1711 609
1710 608
1709 607
1708 606
1707 605
1706 604
1705 603
1704 602
1703 601
1702 600
1701 599
1700 598
1699 597
1698 596
1697 595
1696 594
1695 593
1694 592
1693 591
1692 590
1691 589
1690 588
1689 587
1688 586
1687 585
1686 584
1685 583
1684 582
1683 581
1682 580
1681 579
1680 578
1679 577
1678 576
1677 575
1676 574
1675 573
1674 572
1673 571
1672 570
1671 569
1670 568
1669 567
1668 566
1667 565
1666 564
1665 563
1664 562
1663 561
1662 560
1661 559
1660 558
1659 557
1658 556
1657 555
1656 554
1655 553
1654 552
1653 551
1652 550
1651 549
1650 548
1649 547
1648 546
1647 545
1646 544
1645 543
1644 542
1643 541
1642 540
1641 539
1640 538
1639 537
1638 536
1637 535
1636 534
1635 533
1634 532
1633 531
1632 530
1631 529
1630 528
1629 527
1628 526
1627 525
1626 524
1625 523
1624 522
1623 521
1622 520
1621 519
1620 518
1619 517
1618 516
1617 515
1616 514
1615 513
1614 512
1613 511
1612 510
1611 509
1610 508
1609 507
1608 506
1607 505
1606 504
1605 503
1604 502
1603 501
1602 500
1601 499
1600 498
1599 497
1598 496
1597 495
1596 494
1595 493
1594 492
1593 491
1592 490
1591 489
1590 488
1589 487
1588 486
1587 485
1586 484
1585 483
1584 482
1583 481
1582 480
1581 479
1580 478
1579 477
1578 476
1577 475
1576 474
1575 473
1574 472
1573 471
1572 470
1571 469
1570 468
1569 467
1568 466
1567 465
1566 464
1565 463
1564 462
1563 461
1562 460
1561 459
1560 458
1559 457
1558 456
1557 455
1556 454
1555 453
1554 452
1553 451
1552 450
1551 449
1550 448
1549 447
1548 446
1547 445
1546 444
1545 443
1544 442
1543 441
1542 440
1541 439
1540 438
1539 437
1538 436
1537 435
1536 434
1535 433
1534 432
1533 431
1532 430
1531 429
1530 428
1529 427
1528 426
1527 425
1526 424
1525 423
1524 422
1523 421
1522 420
1521 419
1520 418
1519 417
1518 416
1517 415
1516 414
1515 413
1514 412
1513 411
1512 410
1511 409
1510 408
1509 407
1508 406
1507 405
1506 404
1505 403
1504 402
1503 401
1502 400
1501 399
1500 398
1499 397
1498 396
1497 395
1496 394
1495 393
1494 392
1493 391
1492 390
1491 389
1490 388
1489 387
1488 386
1487 385
1486 384
1485 383
1484 382
1483 381
1482 380
1481 379
1480 378
1479 377
1478 376
1477 375
1476 374
1475 373
1474 372
1473 371
1472 370
1471 369
1470 368
1469 367
1468 366
1467 365
1466 364
1465 363
1464 362
1463 361
1462 360
1461 359
1460 358
1459 357
1458 356
1457 355
1456 354
1455 353
1454 352
1453 351
1452 350
1451 349
1450 348
1449 347
1448 346
1447 345
1446 344
1445 343
1444 342
1443 341
1442 340
1441 339
1440 338
1439 337
1438 336
1437 335
1436 334
1435 333
1434 332
1433 331
1432 330
1431 329
1430 328
1429 327
1428 326
1427 325
1426 324
1425 323
1424 322
1423 321
1422 320
1421 319
1420 318
1419 317
1418 316
1417 315
1416 314
1415 313
1414 312
1413 311
1412 310
1411 309
1410 308
1409 307
1408 306
1407 305
1406 304
1405 303
1404 302
1403 301
1402 300
1401 299
1400 298
1399 297
1398 296
1397 295
1396 294
1395 293
1394 292
1393 291
1392 290
1391 289
1390 288
1389 287
1388 286
1387 285
1386 284
1385 283
1384 282
1383 281
1382 280
1381 279
1380 278
1379 277
1378 276
1377 275
1376 274
1375 273
1374 272
1373 271
1372 270
1371 269
1370 268
1369 267
1368 266
1367 265
1366 264
1365 263
1364 262
1363 261
1362 260
1361 259
1360 258
1359 257
1358 256
1357 255
1356 254
1355 253
1354 252
1353 251
1352 250
1351 249
1350 248
1349 247
1348 246
1347 245
1346 244
1345 243
1344 242
1343 241
1342 240
1341 239
1340 238
1339 237
1338 236
1337 235
1336 234
1335 233
1334 232
1333 231
1332 230
1331 229
1330 228
1329 227
1328 226
1327 225
1326 224
1325 223
1324 222
1323 221
1322 220
1321 219
1320 218
1319 217
1318 216
1317 215
1316 214
1315 213
1314 212
1313 211
1312 210
1311 209
1310 208
1309 207
1308 206
1307 205
1306 204
1305 203
1304 202
1303 201
1302 200
1301 199
1300 198
1299 197
1298 196
1297 195
1296 194
1295 193
1294 192
1293 191
1292 190
1291 189
1290 188
1289 187
1288 186
1287 185
1286 184
1285 183
1284 182
1283 181
1282 180
1281 179
1280 178
1279 177
1278 176
1277 175
1276 174
1275 173
1274 172
1273 171
1272 170
1271 169
1270 168
1269 167
1268 166
1267 165
1266 164
1265 163
1264 162
1263 161
1262 160
1261 159
1260 158
1259 157
1258 156
1257 155
1256 154
1255 153
1254 152
1253 151
1252 150
1251 149
1250 148
1249 147
1248 146
1247 145
1246 144
1245 143
1244 142
1243 141
1242 140
1241 139
1240 138
1239 137
1238 136
1237 135
1236 134
1235 133
1234 132
1233 131
1232 130
1231 129
1230 128
1229 127
1228 126
1227 125
1226 124
1225 123
1224 122
1223 121
1222 120
1221 119
1220 118
1219 117
1218 116
1217 115
1216 114
1215 113
1214 112
1213 111
1212 110
1211 109
1210 108
1209 107
1208 106
1207 105
1206 104
1205 103
1204 102
1203 101
1202 100
1201 99
1200 98
1199 97
1198 96
1197 95
1196 94
1195 93
1194 92
1193 91
1192 90
1191 89
1190 88
1189 87
1188 86
1187 85
1186 84
1185 83
1184 82
1183 81
1182 80
1181 79
1180 78
1179 77
1178 76
1177 75
1176 74
1175 73
1174 72
1173 71
1172 70
1171 69
1170 68
1169 67
1168 66
1167 65
1166 64
1165 63
1164 62
1163 61
1162 60
1161 59
1160 58
1159 57
1158 56
1157 55
1156 54
1155 53
1154 52
1153 51
1152 50
1151 49
1150 48
1149 47
1148 46
1147 45
1146 44
1145 43
1144 42
1143 41
1142 40
1141 39
1140 38
1139 37
1138 36
1137 35
1136 34
1135 33
1134 32
1133 31
1132 30
1131 29
1130 28
1129 27
1128 26
1127 25
1126 24
1125 23
1124 22
1123 21
1122 20
1121 19
1120 18
1119 17
1118 16
1117 15
1116 14
1115 13
1114 12
1113 11
1112 10
1111 9
1110 8
1109 7
1108 6
1107 5
1106 4
1105 3
1104 2
1103 1
1102 0
1101 1246
1100 1245
1099 1244
1098 1243
1097 1242
1096 1241
1095 1240
1094 1239
1093 1238
1092 1237
1091 1236
1090 1235
1089 1234
1088 1233
1087 1232
1086 1231
1085 1230
1084 1229
1083 1228
1082 1227
1081 1226
1080 1225
1079 1224
1078 1223
1077 1222
1076 1221
1075 1220
1074 1219
1073 1218
1072 1217
1071 1216
1070 1215
1069 1214
1068 1213
1067 1212
1066 1211
1065 1210
1064 1209
1063 1208
1062 1207
1061 1206
1060 1205
1059 1204
1058 1203
1057 1202
1056 1201
1055 1200
1054 1199
1053 1198
1052 1197
1051 1196
1050 1195
1049 1194
1048 1193
1047 1192
1046 1191
1045 1190
1044 1189
1043 1188
1042 1187
1041 1186
1040 1185
1039 1184
1038 1183
1037 1182
1036 1181
1035 1180
1034 1179
1033 1178
1032 1177
1031 1176
1030 1175
1029 1174
1028 1173
1027 1172
1026 1171
1025 1170
1024 1169
1023 1168
1022 1167
1021 1166
1020 1165
1019 1164
1018 1163
1017 1162
1016 1161
1015 1160
1014 1159
1013 1158
1012 1157
1011 1156
1010 1155
1009 1154
1008 1153
1007 1152
1006 1151
1005 1150
1004 1149
1003 1148
1002 1147
1001 1146
1000 1145
999 1144
998 1143
997 1142
996 1141
995 1140
994 1139
993 1138
992 1137
991 1136
990 1135
989 1134
988 1133
987 1132
986 1131
985 1130
984 1129
983 1128
982 1127
981 1126
980 1125
979 1124
978 1123
977 1122
976 1121
975 1120
974 1119
973 1118
972 1117
971 1116
970 1115
969 1114
968 1113
967 1112
966 1111
965 1110
964 1109
963 1108
962 1107
961 1106
960 1105
959 1104
958 1103
957 1102
956 1101
955 1100
954 1099
953 1098
952 1097
951 1096
950 1095
949 1094
948 1093
947 1092
946 1091
945 1090
944 1089
943 1088
942 1087
941 1086
940 1085
939 1084
938 1083
937 1082
936 1081
935 1080
934 1079
933 1078
932 1077
931 1076
930 1075
929 1074
928 1073
927 1072
926 1071
925 1070
924 1069
923 1068
922 1067
921 1066
920 1065
919 1064
918 1063
917 1062
916 1061
915 1060
914 1059
913 1058
912 1057
911 1056
910 1055
909 1054
908 1053
907 1052
906 1051
905 1050
904 1049
903 1048
902 1047
901 1046
900 1045
899 1044
898 1043
897 1042
896 1041
895 1040
894 1039
893 1038
892 1037
891 1036
890 1035
889 1034
888 1033
887 1032
886 1031
885 1030
884 1029
883 1028
882 1027
881 1026
880 1025
879 1024
878 1023
877 1022
876 1021
875 1020
874 1019
873 1018
872 1017
871 1016
870 1015
869 1014
868 1013
867 1012
866 1011
865 1010
864 1009
863 1008
862 1007
861 1006
860 1005
859 1004
858 1003
857 1002
856 1001
855 1000
854 999
853 998
852 997
851 996
850 995
849 994
848 993
847 992
846 991
845 990
844 989
843 988
842 987
841 986
840 985
839 984
838 983
837 982
836 981
835 980
834 979
833 978
832 977
831 976
830 975
829 974
828 973
827 972
826 971
825 970
824 969
823 968
822 967
821 966
820 965
819 964
818 963
817 962
816 961
815 960
814 959
813 958
812 957
811 956
810 955
809 954
808 953
807 952
806 951
805 950
804 949
803 948
802 947
801 946
800 945
799 944
798 943
797 942
796 941
795 940
794 939
793 938
792 937
791 936
790 935
789 934
788 933
787 932
786 931
785 930
784 929
783 928
782 927
781 926
780 925
779 924
778 923
777 922
776 921
775 920
774 919
773 918
772 917
771 916
770 915
769 914
768 913
767 912
766 911
765 910
764 909
763 908
762 907
761 906
760 905
759 904
758 903
757 902
756 901
755 900
754 899
753 898
752 897
751 896
750 895
749 894
748 893
747 892
746 891
745 890
744 889
743 888
742 887
741 886
740 885
739 884
738 883
737 882
736 881
735 880
734 879
733 878
732 877
731 876
730 875
729 874
728 873
727 872
726 871
725 870
724 869
723 868
722 867
721 866
720 865
719 864
718 863
717 862
716 861
715 860
714 859
713 858
712 857
711 856
710 855
709 854
708 853
707 852
706 851
705 850
704 849
703 848
702 847
701 846
700 845
699 844
698 843
697 842
696 841
695 840
694 839
693 838
692 837
691 836
690 835
689 834
688 833
687 832
686 831
685 830
684 829
683 828
682 827
681 826
680 825
679 824
678 823
677 822
676 821
675 820
674 819
673 818
672 817
671 816
670 815
669 814
668 813
667 812
666 811
665 810
664 809
663 808
662 807
661 806
660 805
659 804
658 803
657 802
656 801
655 800
654 799
653 798
652 797
651 796
650 795
649 794
648 793
647 792
646 791
645 790
644 789
643 788
642 787
641 786
640 785
639 784
638 783
637 782
636 781
635 780
634 779
633 778
632 777
631 776
630 775
629 774
628 773
627 772
626 771
625 770
624 769
623 768
622 767
621 766
620 765
619 764
618 763
617 762
616 761
615 760
614 759
613 758
612 757
611 756
610 755
609 754
608 753
607 752
606 751
605 750
604 749
603 748
602 747
601 746
600 745
599 744
598 743
597 742
596 741
595 740
594 739
593 738
592 737
591 736
590 735
589 734
588 733
587 732
586 731
585 730
584 729
583 728
582 727
581 726
580 725
579 724
578 723
577 722
576 721
575 720
574 719
573 718
572 717
571 716
570 715
569 714
568 713
567 712
566 711
565 710
564 709
563 708
562 707
561 706
560 705
559 704
558 703
557 702
556 701
555 700
554 699
553 698
552 697
551 696
550 695
549 694
548 693
547 692
546 691
545 690
544 689
543 688
542 687
541 686
540 685
539 684
538 683
537 682
536 681
535 680
534 679
533 678
532 677
531 676
530 675
529 674
528 673
527 672
526 671
525 670
524 669
523 668
522 667
521 666
520 665
519 664
518 663
517 662
516 661
515 660
514 659
513 658
512 657
511 656
510 655
509 654
508 653
507 652
506 651
505 650
504 649
503 648
502 647
501 646
500 645
499 644
498 643
497 642
496 641
495 640
494 639
493 638
492 637
491 636
490 635
489 634
488 633
487 632
486 631
485 630
484 629
483 628
482 627
481 626
480 625
479 624
478 623
477 622
476 621
475 620
474 619
473 618
472 617
471 616
470 615
469 614
468 613
467 612
466 611
465 610
464 609
463 608
462 607
461 606
460 605
459 604
458 603
457 602
456 601
455 600
454 599
453 598
452 597
451 596
450 595
449 594
448 593
447 592
446 591
445 590
444 589
443 588
442 587
441 586
440 585
439 584
438 583
437 582
436 581
435 580
434 579
433 578
432 577
431 576
430 575
429 574
428 573
427 572
426 571
425 570
424 569
423 568
422 567
421 566
420 565
419 564
418 563
417 562
416 561
415 560
414 559
413 558
412 557
411 556
410 555
409 554
408 553
407 552
406 551
405 550
404 549
403 548
402 547
401 546
400 545
399 544
398 543
397 542
396 541
395 540
394 539
393 538
392 537
391 536
390 535
389 534
388 533
387 532
386 531
385 530
384 529
383 528
382 527
381 526
380 525
379 524
378 523
377 522
376 521
375 520
374 519
373 518
372 517
371 516
370 515
369 514
368 513
367 512
366 511
365 510
364 509
363 508
362 507
361 506
360 505
359 504
358 503
357 502
356 501
355 500
354 499
353 498
352 497
351 496
350 495
349 494
348 493
347 492
346 491
345 490
344 489
343 488
342 487
341 486
340 485
339 484
338 483
337 482
336 481
335 480
334 479
333 478
332 477
331 476
330 475
329 474
328 473
327 472
326 471
325 470
324 469
323 468
322 467
321 466
320 465
319 464
318 463
317 462
316 461
315 460
314 459
313 458
312 457
311 456
310 455
309 454
308 453
307 452
306 451
305 450
304 449
303 448
302 447
301 446
300 445
299 444
298 443
297 442
296 441
295 440
294 439
293 438
292 437
291 436
290 435
289 434
288 433
287 432
286 431
285 430
284 429
283 428
282 427
281 426
280 425
279 424
278 423
277 422
276 421
275 420
274 419
273 418
272 417
271 416
270 415
269 414
268 413
267 412
266 411
265 410
264 409
263 408
262 407
261 406
260 405
259 404
258 403
257 402
256 401
255 400
254 399
253 398
252 397
251 396
250 395
249 394
248 393
247 392
246 391
245 390
244 389
243 388
242 387
241 386
240 385
239 384
238 383
237 382
236 381
235 380
234 379
233 378
232 377
231 376
230 375
229 374
228 373
227 372
226 371
225 370
224 369
223 368
222 367
221 366
220 365
219 364
218 363
217 362
216 361
215 360
214 359
213 358
212 357
211 356
210 355
209 354
208 353
207 352
206 351
205 350
204 349
203 348
202 347
201 346
200 345
199 344
198 343
197 342
196 341
195 340
194 339
193 338
192 337
191 336
190 335
189 334
188 333
187 332
186 331
185 330
184 329
183 328
182 327
181 326
180 325
179 324
178 323
177 322
176 321
175 320
174 319
173 318
172 317
171 316
170 315
169 314
168 313
167 312
166 311
165 310
164 309
163 308
162 307
161 306
160 305
159 304
158 303
157 302
156 301
155 300
154 299
153 298
152 297
151 296
150 295
149 294
148 293
147 292
146 291
145 290
144 289
143 288
142 287
141 286
140 285
139 284
138 283
137 282
136 281
135 280
134 279
133 278
132 277
131 276
130 275
129 274
128 273
127 272
126 271
125 270
124 269
123 268
122 267
121 266
120 265
119 264
118 263
117 262
116 261
115 260
114 259
113 258
112 257
111 256
110 255
109 254
108 253
107 252
106 251
105 250
104 249
103 248
102 247
101 246
100 245
99 244
98 243
97 242
96 241
95 240
94 239
93 238
92 237
91 236
90 235
89 234
88 233
87 232
86 231
85 230
84 229
83 228
82 227
81 226
80 225
79 224
78 223
77 222
76 221
75 220
74 219
73 218
72 217
71 216
70 215
69 214
68 213
67 212
66 211
65 210
64 209
63 208
62 207
61 206
60 205
59 204
58 203
57 202
56 201
55 200
54 199
53 198
52 197
51 196
50 195
49 194
48 193
47 192
46 191
45 190
44 189
43 188
42 187
41 186
40 185
39 184
38 183
37 182
36 181
35 180
34 179
33 178
32 177
31 176
30 175
29 174
28 173
27 172
26 171
25 170
24 169
23 168
22 167
21 166
20 165
19 164
18 163
17 162
16 161
15 160
14 159
13 158
12 157
11 156
10 155
9 154
8 153
7 152
6 151
5 150
4 149
3 148
2 147
1 146
0 145
1000 144
1000 143
1000 142
1000 141
1000 140
1000 139
1000 138
1000 137
1000 136
1000 135
1000 134
1000 133
1000 132
1000 131
1000 130
1000 129
1000 128
1000 127
1000 126
1000 125
1000 124
1000 123
1000 122
1000 121
1000 120
1000 119
1000 118
1000 117
1000 116
1000 115
1000 114
1000 113
1000 112
1000 111
1000 110
1000 109
1000 108
1000 107
1000 106
1000 105
1000 104
1000 103
1000 102
1000 101
1000 100
1000 99
1000 98
1000 97
1000 96
1000 95
1000 94
1000 93
1000 92
1000 91
1000 90
1000 89
1000 88
1000 87
1000 86
1000 85
1000 84
1000 83
1000 82
1000 81
1000 80
1000 79
1000 78
1000 77
1000 76
1000 75
1000 74
1000 73
1000 72
1000 71
1000 70
1000 69
1000 68
1000 67
1000 66
1000 65
1000 64
1000 63
1000 62
1000 61
1000 60
1000 59
1000 58
1000 57
1000 56
1000 55
1000 54
1000 53
1000 52
1000 51
1000 50
1000 49
1000 48
1000 47
1000 46
1000 45
1000 44
1000 43
1000 42
1000 41
1000 40
1000 39
1000 38
1000 37
1000 36
1000 35
1000 34
1000 33
1000 32
1000 31
1000 30
1000 29
1000 28
1000 27
1000 26
1000 25
1000 24
1000 23
1000 22
1000 21
1000 20
1000 19
1000 18
1000 17
1000 16
1000 15
1000 14
1000 13
1000 12
1000 11
1000 10
1000 9
1000 8
1000 7
1000 6
1000 5
1000 4
1000 3
1000 2
1000 1
1000 0
1000 1000
1000 1000
1000 1000
1000 1000
1000 1000
1000 1000
1000 1000
1000 1000
1000 1000
1000 1000
1000 1000
1000 1000
1000 1000
1000 1000
1000 1000
1000 1000
1000 1000
1000 1000
1000 1000
1000 1000
1000 1000
1000 1000
1000 1000
1000 1000
1000 1000
1000 1000
1000 1000
1000 1000
1000 1000
1000 1000
1000 1000
1000 1000
1000 1000
1000 1000
1000 1000
1000 1000
1000 1000
1000 1000
1000 1000
1000 1000
1000 1000
1000 1000
1000 1000
1000 1000
1000 1000
1000 1000
1000 1000
1000 1000
1000 1000
1000 1000
1000 1000
1000 1000
1000 1000
1000 1000
1000 1000
1000 1000
1000 1000
1000 1000
1000 1000
1000 1000
1000 1000
1000 1000
1000 1000
1000 1000
1000 1000
1000 1000
1000 1000
1000 1000
1000 1000
1000 1000
1000 1000
1000 1000
1000 1000
1000 1000
1000 1000
1000 1000
1000 1000
1000 1000
1000 1000
1000 1000
1000 1000
1000 1000
1000 1000
1000 1000
1000 1000
1000 1000
1000 1000
1000 1000
1000 1000
1000 1000
1000 1000
1000 1000
1000 1000
1000 1000
1000 1000
1000 1000
1000 1000
1000 1000
1000 1000
1000 1000
1000 1000
1000 1000
1000 1000
1000 1000
1000 1000
1000 1000
1000 1000
1000 1000
1000 1000
1000 1000
1000 1000
1000 1000
1000 1000
1000 1000
1000 1000
1000 1000
1000 1000
1000 1000
1000 1000
1000 1000
1000 1000
1000 1000
1000 1000
1000 1000
1000 1000
1000 1000
1000 1000
1000 1000
1000 1000
1000 1000
1000 1000
1000 1000
1000 1000
1000 1000
1000 1000
1000 1000
1000 1000
1000 1000
1000 1000
1000 1000
1000 1000
1000 1000
1000 1000
1000 1000
1000 1000
1000 1000
1000 1000
1000 1000
1000 1000
1000 1000
1000 1000
1000 1000
1000 1000
1000 1000
1000 1000
1000 1000
1000 1000
1000 1000
1000 1000
1000 1000
1000 1000
1000 1000
1000 1000
1000 1000
1000 1000
1000 1000
1000 1000
1000 1000
1000 1000
1000 1000
1000 1000
1000 1000
1000 1000
1000 1000
1000 1000
1000 1000
1000 1000
1000 1000
1000 1000
1000 1000
1000 1000
1000 1000
1000 1000
1000 1000
1000 1000
1000 1000
1000 1000
1000 1000
1000 1000
1000 1000
1000 1000
1000 1000
1000 1000
1000 1000
1000 1000
1000 1000
1000 1000
1000 1000
1000 1000
1000 1000
1000 1000
1000 1000
1000 1000
1000 1000
1000 1000
1000 1000
1000 1000
1000 1000
1000 1000
1000 1000
1000 1000
1000 1000
1000 1000
1000 1000
1000 1000
1000 1000
1000 1000
1000 1000
1000 1000
1000 1000
1000 1000
1000 1000
1000 1000
1000 1000
1000 1000
1000 1000
1000 1000
1000 1000
1000 1000
1000 1000
1000 1000
1000 1000
1000 1000
1000 1000
1000 1000
1000 1000
1000 1000
1000 1000
1000 1000
1000 1000
1000 1000
1000 1000
1000 1000
1000 1000
1000 1000
1000 1000
1000 1000
1000 1000
1000 1000
1000 1000
1000 1000
1000 1000
1000 1000
1000 1000
1000 1000
1000 1000
1000 1000
1000 1000
1000 1000
1000 1000
1000 1000
1000 1000
1000 1000
1000 1000
1000 1000
1000 1000
1000 1000
1000 1000
1000 1000
1000 1000
1000 1000
1000 1000
1000 1000
1000 1000
1000 1000
1000 1000
1000 1000
1000 1000
1000 1000
1000 1000
1000 1000
1000 1000
1000 1000
1000 1000
1000 1000
1000 1000
1000 1000
1000 1000
1000 1000
