2656 1535
2655 1534
2654 1533
2653 1532
2652 1531
2651 1530
2650 1529
2649 1528
2648 1527
2647 1526
2646 1525
2645 1524
2644 1523
2643 1522
2642 1521
2641 1520
2640 1519
2639 1518
2638 1517
2637 1516
2636 1515
2635 1514
2634 1513
2633 1512
2632 1511
2631 1510
2630 1509
2629 1508
2628 1507
2627 1506
2626 1505
2625 1504
2624 1503
2623 1502
2622 1501
2621 1500
2620 1499
2619 1498
2618 1497
2617 1496
2616 1495
2615 1494
2614 1493
2613 1492
2612 1491
2611 1490
2610 1489
2609 1488
2608 1487
2607 1486
2606 1485
2605 1484
2604 1483
2603 1482
2602 1481
2601 1480
2600 1479
2599 1478
2598 1477
2597 1476
2596 1475
2595 1474
2594 1473
2593 1472
2592 1471
2591 1470
2590 1469
2589 1468
2588 1467
2587 1466
2586 1465
2585 1464
2584 1463
2583 1462
2582 1461
2581 1460
2580 1459
2579 1458
2578 1457
2577 1456
2576 1455
2575 1454
2574 1453
2573 1452
2572 1451
2571 1450
2570 1449
2569 1448
2568 1447
2567 1446
2566 1445
2565 1444
2564 1443
2563 1442
2562 1441
2561 1440
2560 1439
2559 1438
2558 1437
2557 1436
2556 1435
2555 1434
2554 1433
2553 1432
2552 1431
2551 1430
2550 1429
2549 1428
2548 1427
2547 1426
2546 1425
2545 1424
2544 1423
2543 1422
2542 1421
2541 1420
2540 1419
2539 1418
2538 1417
2537 1416
2536 1415
2535 1414
2534 1413
2533 1412
2532 1411
2531 1410
2530 1409
2529 1408
2528 1407
2527 1406
2526 1405
2525 1404
2524 1403
2523 1402
2522 1401
2521 1400
2520 1399
2519 1398
2518 1397
2517 1396
2516 1395
2515 1394
2514 1393
2513 1392
2512 1391
2511 1390
2510 1389
2509 1388
2508 1387
2507 1386
2506 1385
2505 1384
2504 1383
2503 1382
2502 1381
2501 1380
2500 1379
2499 1378
2498 1377
2497 1376
2496 1375
2495 1374
2494 1373
2493 1372
2492 1371
2491 1370
2490 1369
2489 1368
2488 1367
2487 1366
2486 1365
2485 1364
2484 1363
2483 1362
2482 1361
2481 1360
2480 1359
2479 1358
2478 1357
2477 1356
2476 1355
2475 1354
2474 1353
2473 1352
2472 1351
2471 1350
2470 1349
2469 1348
2468 1347
2467 1346
2466 1345
2465 1344
2464 1343
2463 1342
2462 1341
2461 1340
2460 1339
2459 1338
2458 1337
2457 1336
2456 1335
2455 1334
2454 1333
2453 1332
2452 1331
2451 1330
2450 1329
2449 1328
2448 1327
2447 1326
2446 1325
2445 1324
2444 1323
2443 1322
2442 1321
2441 1320
2440 1319
2439 1318
2438 1317
2437 1316
2436 1315
2435 1314
2434 1313
2433 1312
2432 1311
2431 1310
2430 1309
2429 1308
2428 1307
2427 1306
2426 1305
2425 1304
2424 1303
2423 1302
2422 1301
2421 1300
2420 1299
2419 1298
2418 1297
2417 1296
2416 1295
2415 1294
2414 1293
2413 1292
2412 1291
2411 1290
2410 1289
2409 1288
2408 1287
2407 1286
2406 1285
2405 1284
2404 1283
2403 1282
2402 1281
2401 1280
2400 1279
2399 1278
2398 1277
2397 1276
2396 1275
2395 1274
2394 1273
2393 1272
2392 1271
2391 1270
2390 1269
2389 1268
2388 1267
2387 1266
2386 1265
2385 1264
2384 1263
2383 1262
2382 1261
2381 1260
2380 1259
2379 1258
2378 1257
2377 1256
2376 1255
2375 1254
2374 1253
2373 1252
2372 1251
2371 1250
2370 1249
2369 1248
2368 1247
2367 1246
2366 1245
2365 1244
2364 1243
2363 1242
2362 1241
2361 1240
2360 1239
2359 1238
2358 1237
2357 1236
2356 1235
2355 1234
2354 1233
2353 1232
2352 1231
2351 1230
2350 1229
2349 1228
2348 1227
2347 1226
2346 1225
2345 1224
2344 1223
2343 1222
2342 1221
2341 1220
2340 1219
2339 1218
2338 1217
2337 1216
2336 1215
2335 1214
2334 1213
2333 1212
2332 1211
2331 1210
2330 1209
2329 1208
2328 1207
2327 1206
2326 1205
2325 1204
2324 1203
2323 1202
2322 1201
2321 1200
2320 1199
2319 1198
2318 1197
2317 1196
2316 1195
2315 1194
2314 1193
2313 1192
2312 1191
2311 1190
2310 1189
2309 1188
2308 1187
2307 1186
2306 1185
2305 1184
2304 1183
2303 1182
2302 1181
2301 1180
2300 1179
2299 1178
2298 1177
2297 1176
2296 1175
2295 1174
2294 1173
2293 1172
2292 1171
2291 1170
2290 1169
2289 1168
2288 1167
2287 1166
2286 1165
2285 1164
2284 1163
2283 1162
2282 1161
2281 1160
2280 1159
2279 1158
2278 1157
2277 1156
2276 1155
2275 1154
2274 1153
2273 1152
2272 1151
2271 1150
2270 1149
2269 1148
2268 1147
2267 1146
2266 1145
2265 1144
2264 1143
2263 1142
2262 1141
2261 1140
2260 1139
2259 1138
2258 1137
2257 1136
2256 1135
2255 1134
2254 1133
2253 1132
2252 1131
2251 1130
2250 1129
2249 1128
2248 1127
2247 1126
2246 1125
2245 1124
2244 1123
2243 1122
2242 1121
2241 1120
2240 1119
2239 1118
2238 1117
2237 1116
2236 1115
2235 1114
2234 1113
2233 1112
2232 1111
2231 1110
2230 1109
2229 1108
2228 1107
2227 1106
2226 1105
2225 1104
2224 1103
2223 1102
2222 1101
2221 1100
2220 1099
2219 1098
2218 1097
2217 1096
2216 1095
2215 1094
2214 1093
2213 1092
2212 1091
2211 1090
2210 1089
2209 1088
2208 1087
2207 1086
2206 1085
2205 1084
2204 1083
2203 1082
2202 1081
2201 1080
2200 1079
2199 1078
2198 1077
2197 1076
2196 1075
2195 1074
2194 1073
2193 1072
2192 1071
2191 1070
2190 1069
2189 1068
2188 1067
2187 1066
2186 1065
2185 1064
2184 1063
2183 1062
2182 1061
2181 1060
2180 1059
2179 1058
2178 1057
2177 1056
2176 1055
2175 1054
2174 1053
2173 1052
2172 1051
2171 1050
2170 1049
2169 1048
2168 1047
2167 1046
2166 1045
2165 1044
2164 1043
2163 1042
2162 1041
2161 1040
2160 1039
2159 1038
2158 1037
2157 1036
2156 1035
2155 1034
2154 1033
2153 1032
2152 1031
2151 1030
2150 1029
2149 1028
2148 1027
2147 1026
2146 1025
2145 1024
2144 1023
2143 1022
2142 1021
2141 1020
2140 1019
2139 1018
2138 1017
2137 1016
2136 1015
2135 1014
2134 1013
2133 1012
2132 1011
2131 1010
2130 1009
2129 1008
2128 1007
2127 1006
2126 1005
2125 1004
2124 1003
2123 1002
2122 1001
2121 1000
2120 999
2119 998
2118 997
2117 996
2116 995
2115 994
2114 993
2113 992
2112 991
2111 990
2110 989
2109 988
2108 987
2107 986
2106 985
2105 984
2104 983
2103 982
2102 981
2101 980
2100 979
2099 978
2098 977
2097 976
2096 975
2095 974
2094 973
2093 972
2092 971
2091 970
2090 969
2089 968
2088 967
2087 966
2086 965
2085 964
2084 963
2083 962
2082 961
2081 960
2080 959
2079 958
2078 957
2077 956
2076 955
2075 954
2074 953
2073 952
2072 951
2071 950
2070 949
2069 948
2068 947
2067 946
2066 945
2065 944
2064 943
2063 942
2062 941
2061 940
2060 939
2059 938
2058 937
2057 936
2056 935
2055 934
2054 933
2053 932
2052 931
2051 930
2050 929
2049 928
2048 927
2047 926
2046 925
2045 924
2044 923
2043 922
2042 921
2041 920
2040 919
2039 918
2038 917
2037 916
2036 915
2035 914
2034 913
2033 912
2032 911
2031 910
2030 909
2029 908
2028 907
2027 906
2026 905
2025 904
2024 903
2023 902
2022 901
2021 900
2020 899
2019 898
2018 897
2017 896
2016 895
2015 894
2014 893
2013 892
2012 891
2011 890
2010 889
2009 888
2008 887
2007 886
2006 885
2005 884
2004 883
2003 882
2002 881
2001 880
2000 879
1999 878
1998 877
1997 876
1996 875
1995 874
1994 873
1993 872
1992 871
1991 870
1990 869
1989 868
1988 867
1987 866
1986 865
1985 864
1984 863
1983 862
1982 861
1981 860
1980 859
1979 858
1978 857
1977 856
1976 855
1975 854
1974 853
1973 852
1972 851
1971 850
1970 849
1969 848
1968 847
1967 846
1966 845
1965 844
1964 843
1963 842
1962 841
1961 840
1960 839
1959 838
1958 837
1957 836
1956 835
1955 834
1954 833
1953 832
1952 831
1951 830
1950 829
1949 828
1948 827
1947 826
1946 825
1945 824
1944 823
1943 822
1942 821
1941 820
1940 819
1939 818
1938 817
1937 816
1936 815
1935 814
1934 813
1933 812
1932 811
1931 810
1930 809
1929 808
1928 807
1927 806
1926 805
1925 804
1924 803
1923 802
1922 801
1921 800
1920 799
1919 798
1918 797
1917 796
1916 795
1915 794
1914 793
1913 792
1912 791
1911 790
1910 789
1909 788
1908 787
1907 786
1906 785
1905 784
1904 783
1903 782
1902 781
1901 780
1900 779
1899 778
1898 777
1897 776
1896 775
1895 774
1894 773
1893 772
1892 771
1891 770
1890 769
1889 768
1888 767
1887 766
1886 765
1885 764
1884 763
1883 762
1882 761
1881 760
1880 759
1879 758
1878 757
1877 756
1876 755
1875 754
1874 753
1873 752
1872 751
1871 750
1870 749
1869 748
1868 747
1867 746
1866 745
1865 744
1864 743
1863 742
1862 741
1861 740
1860 739
1859 738
1858 737
1857 736
1856 735
1855 734
1854 733
1853 732
1852 731
1851 730
1850 729
1849 728
1848 727
1847 726
1846 725
1845 724
1844 723
1843 722
1842 721
1841 720
1840 719
1839 718
1838 717
1837 716
1836 715
1835 714
1834 713
1833 712
1832 711
1831 710
1830 709
1829 708
1828 707
1827 706
1826 705
1825 704
1824 703
1823 702
1822 701
1821 700
1820 699
1819 698
1818 697
1817 696
1816 695
1815 694
1814 693
1813 692
1812 691
1811 690
1810 689
1809 688
1808 687
1807 686
1806 685
1805 684
1804 683
1803 682
1802 681
1801 680
1800 679
1799 678
1798 677
1797 676
1796 675
1795 674
1794 673
1793 672
1792 671
1791 670
1790 669
1789 668
1788 667
1787 666
1786 665
1785 664
1784 663
1783 662
1782 661
1781 660
1780 659
1779 658
1778 657
1777 656
1776 655
1775 654
1774 653
1773 652
1772 651
1771 650
1770 649
1769 648
1768 647
1767 646
1766 645
1765 644
1764 643
1763 642
1762 641
1761 640
1760 639
1759 638
1758 637
1757 636
1756 635
1755 634
1754 633
1753 632
1752 631
1751 630
1750 629
1749 628
1748 627
1747 626
1746 625
1745 624
1744 623
1743 622
1742 621
1741 620
1740 619
1739 618
1738 617
1737 616
1736 615
1735 614
1734 613
1733 612
1732 611
1731 610
1730 609
1729 608
1728 607
1727 606
1726 605
1725 604
1724 603
1723 602
1722 601
1721 600
1720 599
1719 598
1718 597
1717 596
1716 595
1715 594
1714 593
1713 592
1712 591
1711 590
1710 589
1709 588
1708 587
1707 586
1706 585
1705 584
1704 583
1703 582
1702 581
1701 580
1700 579
1699 578
1698 577
1697 576
1696 575
1695 574
1694 573
1693 572
1692 571
1691 570
1690 569
1689 568
1688 567
1687 566
1686 565
1685 564
1684 563
1683 562
1682 561
1681 560
1680 559
1679 558
1678 557
1677 556
1676 555
1675 554
1674 553
1673 552
1672 551
1671 550
1670 549
1669 548
1668 547
1667 546
1666 545
1665 544
1664 543
1663 542
1662 541
1661 540
1660 539
1659 538
1658 537
1657 536
1656 535
1655 534
1654 533
1653 532
1652 531
1651 530
1650 529
1649 528
1648 527
1647 526
1646 525
1645 524
1644 523
1643 522
1642 521
1641 520
1640 519
1639 518
1638 517
1637 516
1636 515
1635 514
1634 513
1633 512
1632 511
1631 510
1630 509
1629 508
1628 507
1627 506
1626 505
1625 504
1624 503
1623 502
1622 501
1621 500
1620 499
1619 498
1618 497
1617 496
1616 495
1615 494
1614 493
1613 492
1612 491
1611 490
1610 489
1609 488
1608 487
1607 486
1606 485
1605 484
1604 483
1603 482
1602 481
1601 480
1600 479
1599 478
1598 477
1597 476
1596 475
1595 474
1594 473
1593 472
1592 471
1591 470
1590 469
1589 468
1588 467
1587 466
1586 465
1585 464
1584 463
1583 462
1582 461
1581 460
1580 459
1579 458
1578 457
1577 456
1576 455
1575 454
1574 453
1573 452
1572 451
1571 450
1570 449
1569 448
1568 447
1567 446
1566 445
1565 444
1564 443
1563 442
1562 441
1561 440
1560 439
1559 438
1558 437
1557 436
1556 435
1555 434
1554 433
1553 432
1552 431
1551 430
1550 429
1549 428
1548 427
1547 426
1546 425
1545 424
1544 423
1543 422
1542 421
1541 420
1540 419
1539 418
1538 417
1537 416
1536 415
1535 414
1534 413
1533 412
1532 411
1531 410
1530 409
1529 408
1528 407
1527 406
1526 405
1525 404
1524 403
1523 402
1522 401
1521 400
1520 399
1519 398
1518 397
1517 396
1516 395
1515 394
1514 393
1513 392
1512 391
1511 390
1510 389
1509 388
1508 387
1507 386
1506 385
1505 384
1504 383
1503 382
1502 381
1501 380
1500 379
1499 378
1498 377
1497 376
1496 375
1495 374
1494 373
1493 372
1492 371
1491 370
1490 369
1489 368
1488 367
1487 366
1486 365
1485 364
1484 363
1483 362
1482 361
1481 360
1480 359
1479 358
1478 357
1477 356
1476 355
1475 354
1474 353
1473 352
1472 351
1471 350
1470 349
1469 348
1468 347
1467 346
1466 345
1465 344
1464 343
1463 342
1462 341
1461 340
1460 339
1459 338
1458 337
1457 336
1456 335
1455 334
1454 333
1453 332
1452 331
1451 330
1450 329
1449 328
1448 327
1447 326
1446 325
1445 324
1444 323
1443 322
1442 321
1441 320
1440 319
1439 318
1438 317
1437 316
1436 315
1435 314
1434 313
1433 312
1432 311
1431 310
1430 309
1429 308
1428 307
1427 306
1426 305
1425 304
1424 303
1423 302
1422 301
1421 300
1420 299
1419 298
1418 297
1417 296
1416 295
1415 294
1414 293
1413 292
1412 291
1411 290
1410 289
1409 288
1408 287
1407 286
1406 285
1405 284
1404 283
1403 282
1402 281
1401 280
1400 279
1399 278
1398 277
1397 276
1396 275
1395 274
1394 273
1393 272
1392 271
1391 270
1390 269
1389 268
1388 267
1387 266
1386 265
1385 264
1384 263
1383 262
1382 261
1381 260
1380 259
1379 258
1378 257
1377 256
1376 255
1375 254
1374 253
1373 252
1372 251
1371 250
1370 249
1369 248
1368 247
1367 246
1366 245
1365 244
1364 243
1363 242
1362 241
1361 240
1360 239
1359 238
1358 237
1357 236
1356 235
1355 234
1354 233
1353 232
1352 231
1351 230
1350 229
1349 228
1348 227
1347 226
1346 225
1345 224
1344 223
1343 222
1342 221
1341 220
1340 219
1339 218
1338 217
1337 216
1336 215
1335 214
1334 213
1333 212
1332 211
1331 210
1330 209
1329 208
1328 207
1327 206
1326 205
1325 204
1324 203
1323 202
1322 201
1321 200
1320 199
1319 198
1318 197
1317 196
1316 195
1315 194
1314 193
1313 192
1312 191
1311 190
1310 189
1309 188
1308 187
1307 186
1306 185
1305 184
1304 183
1303 182
1302 181
1301 180
1300 179
1299 178
1298 177
1297 176
1296 175
1295 174
1294 173
1293 172
1292 171
1291 170
1290 169
1289 168
1288 167
1287 166
1286 165
1285 164
1284 163
1283 162
1282 161
1281 160
1280 159
1279 158
1278 157
1277 156
1276 155
1275 154
1274 153
1273 152
1272 151
1271 150
1270 149
1269 148
1268 147
1267 146
1266 145
1265 144
1264 143
1263 142
1262 141
1261 140
1260 139
1259 138
1258 137
1257 136
1256 135
1255 134
1254 133
1253 132
1252 131
1251 130
1250 129
1249 128
1248 127
1247 126
1246 125
1245 124
1244 123
1243 122
1242 121
1241 120
1240 119
1239 118
1238 117
1237 116
1236 115
1235 114
1234 113
1233 112
1232 111
1231 110
1230 109
1229 108
1228 107
1227 106
1226 105
1225 104
1224 103
1223 102
1222 101
1221 100
1220 99
1219 98
1218 97
1217 96
1216 95
1215 94
1214 93
1213 92
1212 91
1211 90
1210 89
1209 88
1208 87
1207 86
1206 85
1205 84
1204 83
1203 82
1202 81
1201 80
1200 79
1199 78
1198 77
1197 76
1196 75
1195 74
1194 73
1193 72
1192 71
1191 70
1190 69
1189 68
1188 67
1187 66
1186 65
1185 64
1184 63
1183 62
1182 61
1181 60
1180 59
1179 58
1178 57
1177 56
1176 55
1175 54
1174 53
1173 52
1172 51
1171 50
1170 49
1169 48
1168 47
1167 46
1166 45
1165 44
1164 43
1163 42
1162 41
1161 40
1160 39
1159 38
1158 37
1157 36
1156 35
1155 34
1154 33
1153 32
1152 31
1151 30
1150 29
1149 28
1148 27
1147 26
1146 25
1145 24
1144 23
1143 22
1142 21
1141 20
1140 19
1139 18
1138 17
1137 16
1136 15
1135 14
1134 13
1133 12
1132 11
1131 10
1130 9
1129 8
1128 7
1127 6
1126 5
1125 4
1124 3
1123 2
1122 1
1121 0
1120 1246
1119 1245
1118 1244
1117 1243
1116 1242
1115 1241
1114 1240
1113 1239
1112 1238
1111 1237
1110 1236
1109 1235
1108 1234
1107 1233
1106 1232
1105 1231
1104 1230
1103 1229
1102 1228
1101 1227
1100 1226
1099 1225
1098 1224
1097 1223
1096 1222
1095 1221
1094 1220
1093 1219
1092 1218
1091 1217
1090 1216
1089 1215
1088 1214
1087 1213
1086 1212
1085 1211
1084 1210
1083 1209
1082 1208
1081 1207
1080 1206
1079 1205
1078 1204
1077 1203
1076 1202
1075 1201
1074 1200
1073 1199
1072 1198
1071 1197
1070 1196
1069 1195
1068 1194
1067 1193
1066 1192
1065 1191
1064 1190
1063 1189
1062 1188
1061 1187
1060 1186
1059 1185
1058 1184
1057 1183
1056 1182
1055 1181
1054 1180
1053 1179
1052 1178
1051 1177
1050 1176
1049 1175
1048 1174
1047 1173
1046 1172
1045 1171
1044 1170
1043 1169
1042 1168
1041 1167
1040 1166
1039 1165
1038 1164
1037 1163
1036 1162
1035 1161
1034 1160
1033 1159
1032 1158
1031 1157
1030 1156
1029 1155
1028 1154
1027 1153
1026 1152
1025 1151
1024 1150
1023 1149
1022 1148
1021 1147
1020 1146
1019 1145
1018 1144
1017 1143
1016 1142
1015 1141
1014 1140
1013 1139
1012 1138
1011 1137
1010 1136
1009 1135
1008 1134
1007 1133
1006 1132
1005 1131
1004 1130
1003 1129
1002 1128
1001 1127
1000 1126
999 1125
998 1124
997 1123
996 1122
995 1121
994 1120
993 1119
992 1118
991 1117
990 1116
989 1115
988 1114
987 1113
986 1112
985 1111
984 1110
983 1109
982 1108
981 1107
980 1106
979 1105
978 1104
977 1103
976 1102
975 1101
974 1100
973 1099
972 1098
971 1097
970 1096
969 1095
968 1094
967 1093
966 1092
965 1091
964 1090
963 1089
962 1088
961 1087
960 1086
959 1085
958 1084
957 1083
956 1082
955 1081
954 1080
953 1079
952 1078
951 1077
950 1076
949 1075
948 1074
947 1073
946 1072
945 1071
944 1070
943 1069
942 1068
941 1067
940 1066
939 1065
938 1064
937 1063
936 1062
935 1061
934 1060
933 1059
932 1058
931 1057
930 1056
929 1055
928 1054
927 1053
926 1052
925 1051
924 1050
923 1049
922 1048
921 1047
920 1046
919 1045
918 1044
917 1043
916 1042
915 1041
914 1040
913 1039
912 1038
911 1037
910 1036
909 1035
908 1034
907 1033
906 1032
905 1031
904 1030
903 1029
902 1028
901 1027
900 1026
899 1025
898 1024
897 1023
896 1022
895 1021
894 1020
893 1019
892 1018
891 1017
890 1016
889 1015
888 1014
887 1013
886 1012
885 1011
884 1010
883 1009
882 1008
881 1007
880 1006
879 1005
878 1004
877 1003
876 1002
875 1001
874 1000
873 999
872 998
871 997
870 996
869 995
868 994
867 993
866 992
865 991
864 990
863 989
862 988
861 987
860 986
859 985
858 984
857 983
856 982
855 981
854 980
853 979
852 978
851 977
850 976
849 975
848 974
847 973
846 972
845 971
844 970
843 969
842 968
841 967
840 966
839 965
838 964
837 963
836 962
835 961
834 960
833 959
832 958
831 957
830 956
829 955
828 954
827 953
826 952
825 951
824 950
823 949
822 948
821 947
820 946
819 945
818 944
817 943
816 942
815 941
814 940
813 939
812 938
811 937
810 936
809 935
808 934
807 933
806 932
805 931
804 930
803 929
802 928
801 927
800 926
799 925
798 924
797 923
796 922
795 921
794 920
793 919
792 918
791 917
790 916
789 915
788 914
787 913
786 912
785 911
784 910
783 909
782 908
781 907
780 906
779 905
778 904
777 903
776 902
775 901
774 900
773 899
772 898
771 897
770 896
769 895
768 894
767 893
766 892
765 891
764 890
763 889
762 888
761 887
760 886
759 885
758 884
757 883
756 882
755 881
754 880
753 879
752 878
751 877
750 876
749 875
748 874
747 873
746 872
745 871
744 870
743 869
742 868
741 867
740 866
739 865
738 864
737 863
736 862
735 861
734 860
733 859
732 858
731 857
730 856
729 855
728 854
727 853
726 852
725 851
724 850
723 849
722 848
721 847
720 846
719 845
718 844
717 843
716 842
715 841
714 840
713 839
712 838
711 837
710 836
709 835
708 834
707 833
706 832
705 831
704 830
703 829
702 828
701 827
700 826
699 825
698 824
697 823
696 822
695 821
694 820
693 819
692 818
691 817
690 816
689 815
688 814
687 813
686 812
685 811
684 810
683 809
682 808
681 807
680 806
679 805
678 804
677 803
676 802
675 801
674 800
673 799
672 798
671 797
670 796
669 795
668 794
667 793
666 792
665 791
664 790
663 789
662 788
661 787
660 786
659 785
658 784
657 783
656 782
655 781
654 780
653 779
652 778
651 777
650 776
649 775
648 774
647 773
646 772
645 771
644 770
643 769
642 768
641 767
640 766
639 765
638 764
637 763
636 762
635 761
634 760
633 759
632 758
631 757
630 756
629 755
628 754
627 753
626 752
625 751
624 750
623 749
622 748
621 747
620 746
619 745
618 744
617 743
616 742
615 741
614 740
613 739
612 738
611 737
610 736
609 735
608 734
607 733
606 732
605 731
604 730
603 729
602 728
601 727
600 726
599 725
598 724
597 723
596 722
595 721
594 720
593 719
592 718
591 717
590 716
589 715
588 714
587 713
586 712
585 711
584 710
583 709
582 708
581 707
580 706
579 705
578 704
577 703
576 702
575 701
574 700
573 699
572 698
571 697
570 696
569 695
568 694
567 693
566 692
565 691
564 690
563 689
562 688
561 687
560 686
559 685
558 684
557 683
556 682
555 681
554 680
553 679
552 678
551 677
550 676
549 675
548 674
547 673
546 672
545 671
544 670
543 669
542 668
541 667
540 666
539 665
538 664
537 663
536 662
535 661
534 660
533 659
532 658
531 657
530 656
529 655
528 654
527 653
526 652
525 651
524 650
523 649
522 648
521 647
520 646
519 645
518 644
517 643
516 642
515 641
514 640
513 639
512 638
511 637
510 636
509 635
508 634
507 633
506 632
505 631
504 630
503 629
502 628
501 627
500 626
499 625
498 624
497 623
496 622
495 621
494 620
493 619
492 618
491 617
490 616
489 615
488 614
487 613
486 612
485 611
484 610
483 609
482 608
481 607
480 606
479 605
478 604
477 603
476 602
475 601
474 600
473 599
472 598
471 597
470 596
469 595
468 594
467 593
466 592
465 591
464 590
463 589
462 588
461 587
460 586
459 585
458 584
457 583
456 582
455 581
454 580
453 579
452 578
451 577
450 576
449 575
448 574
447 573
446 572
445 571
444 570
443 569
442 568
441 567
440 566
439 565
438 564
437 563
436 562
435 561
434 560
433 559
432 558
431 557
430 556
429 555
428 554
427 553
426 552
425 551
424 550
423 549
422 548
421 547
420 546
419 545
418 544
417 543
416 542
415 541
414 540
413 539
412 538
411 537
410 536
409 535
408 534
407 533
406 532
405 531
404 530
403 529
402 528
401 527
400 526
399 525
398 524
397 523
396 522
395 521
394 520
393 519
392 518
391 517
390 516
389 515
388 514
387 513
386 512
385 511
384 510
383 509
382 508
381 507
380 506
379 505
378 504
377 503
376 502
375 501
374 500
373 499
372 498
371 497
370 496
369 495
368 494
367 493
366 492
365 491
364 490
363 489
362 488
361 487
360 486
359 485
358 484
357 483
356 482
355 481
354 480
353 479
352 478
351 477
350 476
349 475
348 474
347 473
346 472
345 471
344 470
343 469
342 468
341 467
340 466
339 465
338 464
337 463
336 462
335 461
334 460
333 459
332 458
331 457
330 456
329 455
328 454
327 453
326 452
325 451
324 450
323 449
322 448
321 447
320 446
319 445
318 444
317 443
316 442
315 441
314 440
313 439
312 438
311 437
310 436
309 435
308 434
307 433
306 432
305 431
304 430
303 429
302 428
301 427
300 426
299 425
298 424
297 423
296 422
295 421
294 420
293 419
292 418
291 417
290 416
289 415
288 414
287 413
286 412
285 411
284 410
283 409
282 408
281 407
280 406
279 405
278 404
277 403
276 402
275 401
274 400
273 399
272 398
271 397
270 396
269 395
268 394
267 393
266 392
265 391
264 390
263 389
262 388
261 387
260 386
259 385
258 384
257 383
256 382
255 381
254 380
253 379
252 378
251 377
250 376
249 375
248 374
247 373
246 372
245 371
244 370
243 369
242 368
241 367
240 366
239 365
238 364
237 363
236 362
235 361
234 360
233 359
232 358
231 357
230 356
229 355
228 354
227 353
226 352
225 351
224 350
223 349
222 348
221 347
220 346
219 345
218 344
217 343
216 342
215 341
214 340
213 339
212 338
211 337
210 336
209 335
208 334
207 333
206 332
205 331
204 330
203 329
202 328
201 327
200 326
199 325
198 324
197 323
196 322
195 321
194 320
193 319
192 318
191 317
190 316
189 315
188 314
187 313
186 312
185 311
184 310
183 309
182 308
181 307
180 306
179 305
178 304
177 303
176 302
175 301
174 300
173 299
172 298
171 297
170 296
169 295
168 294
167 293
166 292
165 291
164 290
163 289
162 288
161 287
160 286
159 285
158 284
157 283
156 282
155 281
154 280
153 279
152 278
151 277
150 276
149 275
148 274
147 273
146 272
145 271
144 270
143 269
142 268
141 267
140 266
139 265
138 264
137 263
136 262
135 261
134 260
133 259
132 258
131 257
130 256
129 255
128 254
127 253
126 252
125 251
124 250
123 249
122 248
121 247
120 246
119 245
118 244
117 243
116 242
115 241
114 240
113 239
112 238
111 237
110 236
109 235
108 234
107 233
106 232
105 231
104 230
103 229
102 228
101 227
100 226
99 225
98 224
97 223
96 222
95 221
94 220
93 219
92 218
91 217
90 216
89 215
88 214
87 213
86 212
85 211
84 210
83 209
82 208
81 207
80 206
79 205
78 204
77 203
76 202
75 201
74 200
73 199
72 198
71 197
70 196
69 195
68 194
67 193
66 192
65 191
64 190
63 189
62 188
61 187
60 186
59 185
58 184
57 183
56 182
55 181
54 180
53 179
52 178
51 177
50 176
49 175
48 174
47 173
46 172
45 171
44 170
43 169
42 168
41 167
40 166
39 165
38 164
37 163
36 162
35 161
34 160
33 159
32 158
31 157
30 156
29 155
28 154
27 153
26 152
25 151
24 150
23 149
22 148
21 147
20 146
19 145
18 144
17 143
16 142
15 141
14 140
13 139
12 138
11 137
10 136
9 135
8 134
7 133
6 132
5 131
4 130
3 129
2 128
1 127
0 126
1000 125
1000 124
1000 123
1000 122
1000 121
1000 120
1000 119
1000 118
1000 117
1000 116
1000 115
1000 114
1000 113
1000 112
1000 111
1000 110
1000 109
1000 108
1000 107
1000 106
1000 105
1000 104
1000 103
1000 102
1000 101
1000 100
1000 99
1000 98
1000 97
1000 96
1000 95
1000 94
1000 93
1000 92
1000 91
1000 90
1000 89
1000 88
1000 87
1000 86
1000 85
1000 84
1000 83
1000 82
1000 81
1000 80
1000 79
1000 78
1000 77
1000 76
1000 75
1000 74
1000 73
1000 72
1000 71
1000 70
1000 69
1000 68
1000 67
1000 66
1000 65
1000 64
1000 63
1000 62
1000 61
1000 60
1000 59
1000 58
1000 57
1000 56
1000 55
1000 54
1000 53
1000 52
1000 51
1000 50
1000 49
1000 48
1000 47
1000 46
1000 45
1000 44
1000 43
1000 42
1000 41
1000 40
1000 39
1000 38
1000 37
1000 36
1000 35
1000 34
1000 33
1000 32
1000 31
1000 30
1000 29
1000 28
1000 27
1000 26
1000 25
1000 24
1000 23
1000 22
1000 21
1000 20
1000 19
1000 18
1000 17
1000 16
1000 15
1000 14
1000 13
1000 12
1000 11
1000 10
1000 9
1000 8
1000 7
1000 6
1000 5
1000 4
1000 3
1000 2
1000 1
1000 0
1000 1000
1000 1000
1000 1000
1000 1000
1000 1000
1000 1000
1000 1000
1000 1000
1000 1000
1000 1000
1000 1000
1000 1000
1000 1000
1000 1000
1000 1000
1000 1000
1000 1000
1000 1000
1000 1000
1000 1000
1000 1000
1000 1000
1000 1000
1000 1000
1000 1000
1000 1000
1000 1000
1000 1000
1000 1000
1000 1000
1000 1000
1000 1000
1000 1000
1000 1000
1000 1000
1000 1000
1000 1000
1000 1000
1000 1000
1000 1000
1000 1000
1000 1000
1000 1000
1000 1000
1000 1000
1000 1000
1000 1000
1000 1000
1000 1000
1000 1000
1000 1000
1000 1000
1000 1000
1000 1000
1000 1000
1000 1000
1000 1000
1000 1000
1000 1000
1000 1000
1000 1000
1000 1000
1000 1000
1000 1000
1000 1000
1000 1000
1000 1000
1000 1000
1000 1000
1000 1000
1000 1000
1000 1000
1000 1000
1000 1000
1000 1000
1000 1000
1000 1000
1000 1000
1000 1000
1000 1000
1000 1000
1000 1000
1000 1000
1000 1000
1000 1000
1000 1000
1000 1000
1000 1000
1000 1000
1000 1000
1000 1000
1000 1000
1000 1000
1000 1000
1000 1000
1000 1000
1000 1000
1000 1000
1000 1000
1000 1000
1000 1000
1000 1000
1000 1000
1000 1000
1000 1000
1000 1000
1000 1000
1000 1000
1000 1000
1000 1000
1000 1000
1000 1000
1000 1000
1000 1000
1000 1000
1000 1000
1000 1000
1000 1000
1000 1000
1000 1000
1000 1000
1000 1000
1000 1000
1000 1000
1000 1000
1000 1000
1000 1000
1000 1000
1000 1000
1000 1000
1000 1000
1000 1000
1000 1000
1000 1000
1000 1000
1000 1000
1000 1000
1000 1000
1000 1000
1000 1000
1000 1000
1000 1000
1000 1000
1000 1000
1000 1000
1000 1000
1000 1000
1000 1000
1000 1000
1000 1000
1000 1000
1000 1000
1000 1000
1000 1000
1000 1000
1000 1000
1000 1000
1000 1000
1000 1000
1000 1000
1000 1000
1000 1000
1000 1000
1000 1000
1000 1000
1000 1000
1000 1000
1000 1000
1000 1000
1000 1000
1000 1000
1000 1000
1000 1000
1000 1000
1000 1000
1000 1000
1000 1000
1000 1000
1000 1000
1000 1000
1000 1000
1000 1000
1000 1000
1000 1000
1000 1000
1000 1000
1000 1000
1000 1000
1000 1000
1000 1000
1000 1000
1000 1000
1000 1000
1000 1000
1000 1000
1000 1000
1000 1000
1000 1000
1000 1000
1000 1000
1000 1000
1000 1000
1000 1000
1000 1000
1000 1000
1000 1000
1000 1000
1000 1000
1000 1000
1000 1000
1000 1000
1000 1000
1000 1000
1000 1000
1000 1000
1000 1000
1000 1000
1000 1000
1000 1000
1000 1000
1000 1000
1000 1000
1000 1000
1000 1000
1000 1000
1000 1000
1000 1000
1000 1000
1000 1000
1000 1000
1000 1000
1000 1000
1000 1000
1000 1000
1000 1000
1000 1000
1000 1000
1000 1000
1000 1000
1000 1000
1000 1000
1000 1000
1000 1000
1000 1000
1000 1000
1000 1000
1000 1000
1000 1000
1000 1000
1000 1000
1000 1000
1000 1000
1000 1000
1000 1000
1000 1000
1000 1000
1000 1000
1000 1000
1000 1000
1000 1000
1000 1000
1000 1000
1000 1000
1000 1000
1000 1000
1000 1000
1000 1000
1000 1000
1000 1000
1000 1000
1000 1000
1000 1000
1000 1000
1000 1000
1000 1000
1000 1000
1000 1000
1000 1000
1000 1000
1000 1000
1000 1000
1000 1000
1000 1000
1000 1000
1000 1000
1000 1000
1000 1000
1000 1000
1000 1000
