2561 1535
2560 1534
2559 1533
2558 1532
2557 1531
2556 1530
2555 1529
2554 1528
2553 1527
2552 1526
2551 1525
2550 1524
2549 1523
2548 1522
2547 1521
2546 1520
2545 1519
2544 1518
2543 1517
2542 1516
2541 1515
2540 1514
2539 1513
2538 1512
2537 1511
2536 1510
2535 1509
2534 1508
2533 1507
2532 1506
2531 1505
2530 1504
2529 1503
2528 1502
2527 1501
2526 1500
2525 1499
2524 1498
2523 1497
2522 1496
2521 1495
2520 1494
2519 1493
2518 1492
2517 1491
2516 1490
2515 1489
2514 1488
2513 1487
2512 1486
2511 1485
2510 1484
2509 1483
2508 1482
2507 1481
2506 1480
2505 1479
2504 1478
2503 1477
2502 1476
2501 1475
2500 1474
2499 1473
2498 1472
2497 1471
2496 1470
2495 1469
2494 1468
2493 1467
2492 1466
2491 1465
2490 1464
2489 1463
2488 1462
2487 1461
2486 1460
2485 1459
2484 1458
2483 1457
2482 1456
2481 1455
2480 1454
2479 1453
2478 1452
2477 1451
2476 1450
2475 1449
2474 1448
2473 1447
2472 1446
2471 1445
2470 1444
2469 1443
2468 1442
2467 1441
2466 1440
2465 1439
2464 1438
2463 1437
2462 1436
2461 1435
2460 1434
2459 1433
2458 1432
2457 1431
2456 1430
2455 1429
2454 1428
2453 1427
2452 1426
2451 1425
2450 1424
2449 1423
2448 1422
2447 1421
2446 1420
2445 1419
2444 1418
2443 1417
2442 1416
2441 1415
2440 1414
2439 1413
2438 1412
2437 1411
2436 1410
2435 1409
2434 1408
2433 1407
2432 1406
2431 1405
2430 1404
2429 1403
2428 1402
2427 1401
2426 1400
2425 1399
2424 1398
2423 1397
2422 1396
2421 1395
2420 1394
2419 1393
2418 1392
2417 1391
2416 1390
2415 1389
2414 1388
2413 1387
2412 1386
2411 1385
2410 1384
2409 1383
2408 1382
2407 1381
2406 1380
2405 1379
2404 1378
2403 1377
2402 1376
2401 1375
2400 1374
2399 1373
2398 1372
2397 1371
2396 1370
2395 1369
2394 1368
2393 1367
2392 1366
2391 1365
2390 1364
2389 1363
2388 1362
2387 1361
2386 1360
2385 1359
2384 1358
2383 1357
2382 1356
2381 1355
2380 1354
2379 1353
2378 1352
2377 1351
2376 1350
2375 1349
2374 1348
2373 1347
2372 1346
2371 1345
2370 1344
2369 1343
2368 1342
2367 1341
2366 1340
2365 1339
2364 1338
2363 1337
2362 1336
2361 1335
2360 1334
2359 1333
2358 1332
2357 1331
2356 1330
2355 1329
2354 1328
2353 1327
2352 1326
2351 1325
2350 1324
2349 1323
2348 1322
2347 1321
2346 1320
2345 1319
2344 1318
2343 1317
2342 1316
2341 1315
2340 1314
2339 1313
2338 1312
2337 1311
2336 1310
2335 1309
2334 1308
2333 1307
2332 1306
2331 1305
2330 1304
2329 1303
2328 1302
2327 1301
2326 1300
2325 1299
2324 1298
2323 1297
2322 1296
2321 1295
2320 1294
2319 1293
2318 1292
2317 1291
2316 1290
2315 1289
2314 1288
2313 1287
2312 1286
2311 1285
2310 1284
2309 1283
2308 1282
2307 1281
2306 1280
2305 1279
2304 1278
2303 1277
2302 1276
2301 1275
2300 1274
2299 1273
2298 1272
2297 1271
2296 1270
2295 1269
2294 1268
2293 1267
2292 1266
2291 1265
2290 1264
2289 1263
2288 1262
2287 1261
2286 1260
2285 1259
2284 1258
2283 1257
2282 1256
2281 1255
2280 1254
2279 1253
2278 1252
2277 1251
2276 1250
2275 1249
2274 1248
2273 1247
2272 1246
2271 1245
2270 1244
2269 1243
2268 1242
2267 1241
2266 1240
2265 1239
2264 1238
2263 1237
2262 1236
2261 1235
2260 1234
2259 1233
2258 1232
2257 1231
2256 1230
2255 1229
2254 1228
2253 1227
2252 1226
2251 1225
2250 1224
2249 1223
2248 1222
2247 1221
2246 1220
2245 1219
2244 1218
2243 1217
2242 1216
2241 1215
2240 1214
2239 1213
2238 1212
2237 1211
2236 1210
2235 1209
2234 1208
2233 1207
2232 1206
2231 1205
2230 1204
2229 1203
2228 1202
2227 1201
2226 1200
2225 1199
2224 1198
2223 1197
2222 1196
2221 1195
2220 1194
2219 1193
2218 1192
2217 1191
2216 1190
2215 1189
2214 1188
2213 1187
2212 1186
2211 1185
2210 1184
2209 1183
2208 1182
2207 1181
2206 1180
2205 1179
2204 1178
2203 1177
2202 1176
2201 1175
2200 1174
2199 1173
2198 1172
2197 1171
2196 1170
2195 1169
2194 1168
2193 1167
2192 1166
2191 1165
2190 1164
2189 1163
2188 1162
2187 1161
2186 1160
2185 1159
2184 1158
2183 1157
2182 1156
2181 1155
2180 1154
2179 1153
2178 1152
2177 1151
2176 1150
2175 1149
2174 1148
2173 1147
2172 1146
2171 1145
2170 1144
2169 1143
2168 1142
2167 1141
2166 1140
2165 1139
2164 1138
2163 1137
2162 1136
2161 1135
2160 1134
2159 1133
2158 1132
2157 1131
2156 1130
2155 1129
2154 1128
2153 1127
2152 1126
2151 1125
2150 1124
2149 1123
2148 1122
2147 1121
2146 1120
2145 1119
2144 1118
2143 1117
2142 1116
2141 1115
2140 1114
2139 1113
2138 1112
2137 1111
2136 1110
2135 1109
2134 1108
2133 1107
2132 1106
2131 1105
2130 1104
2129 1103
2128 1102
2127 1101
2126 1100
2125 1099
2124 1098
2123 1097
2122 1096
2121 1095
2120 1094
2119 1093
2118 1092
2117 1091
2116 1090
2115 1089
2114 1088
2113 1087
2112 1086
2111 1085
2110 1084
2109 1083
2108 1082
2107 1081
2106 1080
2105 1079
2104 1078
2103 1077
2102 1076
2101 1075
2100 1074
2099 1073
2098 1072
2097 1071
2096 1070
2095 1069
2094 1068
2093 1067
2092 1066
2091 1065
2090 1064
2089 1063
2088 1062
2087 1061
2086 1060
2085 1059
2084 1058
2083 1057
2082 1056
2081 1055
2080 1054
2079 1053
2078 1052
2077 1051
2076 1050
2075 1049
2074 1048
2073 1047
2072 1046
2071 1045
2070 1044
2069 1043
2068 1042
2067 1041
2066 1040
2065 1039
2064 1038
2063 1037
2062 1036
2061 1035
2060 1034
2059 1033
2058 1032
2057 1031
2056 1030
2055 1029
2054 1028
2053 1027
2052 1026
2051 1025
2050 1024
2049 1023
2048 1022
2047 1021
2046 1020
2045 1019
2044 1018
2043 1017
2042 1016
2041 1015
2040 1014
2039 1013
2038 1012
2037 1011
2036 1010
2035 1009
2034 1008
2033 1007
2032 1006
2031 1005
2030 1004
2029 1003
2028 1002
2027 1001
2026 1000
2025 999
2024 998
2023 997
2022 996
2021 995
2020 994
2019 993
2018 992
2017 991
2016 990
2015 989
2014 988
2013 987
2012 986
2011 985
2010 984
2009 983
2008 982
2007 981
2006 980
2005 979
2004 978
2003 977
2002 976
2001 975
2000 974
1999 973
1998 972
1997 971
1996 970
1995 969
1994 968
1993 967
1992 966
1991 965
1990 964
1989 963
1988 962
1987 961
1986 960
1985 959
1984 958
1983 957
1982 956
1981 955
1980 954
1979 953
1978 952
1977 951
1976 950
1975 949
1974 948
1973 947
1972 946
1971 945
1970 944
1969 943
1968 942
1967 941
1966 940
1965 939
1964 938
1963 937
1962 936
1961 935
1960 934
1959 933
1958 932
1957 931
1956 930
1955 929
1954 928
1953 927
1952 926
1951 925
1950 924
1949 923
1948 922
1947 921
1946 920
1945 919
1944 918
1943 917
1942 916
1941 915
1940 914
1939 913
1938 912
1937 911
1936 910
1935 909
1934 908
1933 907
1932 906
1931 905
1930 904
1929 903
1928 902
1927 901
1926 900
1925 899
1924 898
1923 897
1922 896
1921 895
1920 894
1919 893
1918 892
1917 891
1916 890
1915 889
1914 888
1913 887
1912 886
1911 885
1910 884
1909 883
1908 882
1907 881
1906 880
1905 879
1904 878
1903 877
1902 876
1901 875
1900 874
1899 873
1898 872
1897 871
1896 870
1895 869
1894 868
1893 867
1892 866
1891 865
1890 864
1889 863
1888 862
1887 861
1886 860
1885 859
1884 858
1883 857
1882 856
1881 855
1880 854
1879 853
1878 852
1877 851
1876 850
1875 849
1874 848
1873 847
1872 846
1871 845
1870 844
1869 843
1868 842
1867 841
1866 840
1865 839
1864 838
1863 837
1862 836
1861 835
1860 834
1859 833
1858 832
1857 831
1856 830
1855 829
1854 828
1853 827
1852 826
1851 825
1850 824
1849 823
1848 822
1847 821
1846 820
1845 819
1844 818
1843 817
1842 816
1841 815
1840 814
1839 813
1838 812
1837 811
1836 810
1835 809
1834 808
1833 807
1832 806
1831 805
1830 804
1829 803
1828 802
1827 801
1826 800
1825 799
1824 798
1823 797
1822 796
1821 795
1820 794
1819 793
1818 792
1817 791
1816 790
1815 789
1814 788
1813 787
1812 786
1811 785
1810 784
1809 783
1808 782
1807 781
1806 780
1805 779
1804 778
1803 777
1802 776
1801 775
1800 774
1799 773
1798 772
1797 771
1796 770
1795 769
1794 768
1793 767
1792 766
1791 765
1790 764
1789 763
1788 762
1787 761
1786 760
1785 759
1784 758
1783 757
1782 756
1781 755
1780 754
1779 753
1778 752
1777 751
1776 750
1775 749
1774 748
1773 747
1772 746
1771 745
1770 744
1769 743
1768 742
1767 741
1766 740
1765 739
1764 738
1763 737
1762 736
1761 735
1760 734
1759 733
1758 732
1757 731
1756 730
1755 729
1754 728
1753 727
1752 726
1751 725
1750 724
1749 723
1748 722
1747 721
1746 720
1745 719
1744 718
1743 717
1742 716
1741 715
1740 714
1739 713
1738 712
1737 711
1736 710
1735 709
1734 708
1733 707
1732 706
1731 705
1730 704
1729 703
1728 702
1727 701
1726 700
1725 699
1724 698
1723 697
1722 696
1721 695
1720 694
1719 693
1718 692
1717 691
1716 690
1715 689
1714 688
1713 687
1712 686
1711 685
1710 684
1709 683
1708 682
1707 681
1706 680
1705 679
1704 678
1703 677
1702 676
1701 675
1700 674
1699 673
1698 672
1697 671
1696 670
1695 669
1694 668
1693 667
1692 666
1691 665
1690 664
1689 663
1688 662
1687 661
1686 660
1685 659
1684 658
1683 657
1682 656
1681 655
1680 654
1679 653
1678 652
1677 651
1676 650
1675 649
1674 648
1673 647
1672 646
1671 645
1670 644
1669 643
1668 642
1667 641
1666 640
1665 639
1664 638
1663 637
1662 636
1661 635
1660 634
1659 633
1658 632
1657 631
1656 630
1655 629
1654 628
1653 627
1652 626
1651 625
1650 624
1649 623
1648 622
1647 621
1646 620
1645 619
1644 618
1643 617
1642 616
1641 615
1640 614
1639 613
1638 612
1637 611
1636 610
1635 609
1634 608
1633 607
1632 606
1631 605
1630 604
1629 603
1628 602
1627 601
1626 600
1625 599
1624 598
1623 597
1622 596
1621 595
1620 594
1619 593
1618 592
1617 591
1616 590
1615 589
1614 588
1613 587
1612 586
1611 585
1610 584
1609 583
1608 582
1607 581
1606 580
1605 579
1604 578
1603 577
1602 576
1601 575
1600 574
1599 573
1598 572
1597 571
1596 570
1595 569
1594 568
1593 567
1592 566
1591 565
1590 564
1589 563
1588 562
1587 561
1586 560
1585 559
1584 558
1583 557
1582 556
1581 555
1580 554
1579 553
1578 552
1577 551
1576 550
1575 549
1574 548
1573 547
1572 546
1571 545
1570 544
1569 543
1568 542
1567 541
1566 540
1565 539
1564 538
1563 537
1562 536
1561 535
1560 534
1559 533
1558 532
1557 531
1556 530
1555 529
1554 528
1553 527
1552 526
1551 525
1550 524
1549 523
1548 522
1547 521
1546 520
1545 519
1544 518
1543 517
1542 516
1541 515
1540 514
1539 513
1538 512
1537 511
1536 510
1535 509
1534 508
1533 507
1532 506
1531 505
1530 504
1529 503
1528 502
1527 501
1526 500
1525 499
1524 498
1523 497
1522 496
1521 495
1520 494
1519 493
1518 492
1517 491
1516 490
1515 489
1514 488
1513 487
1512 486
1511 485
1510 484
1509 483
1508 482
1507 481
1506 480
1505 479
1504 478
1503 477
1502 476
1501 475
1500 474
1499 473
1498 472
1497 471
1496 470
1495 469
1494 468
1493 467
1492 466
1491 465
1490 464
1489 463
1488 462
1487 461
1486 460
1485 459
1484 458
1483 457
1482 456
1481 455
1480 454
1479 453
1478 452
1477 451
1476 450
1475 449
1474 448
1473 447
1472 446
1471 445
1470 444
1469 443
1468 442
1467 441
1466 440
1465 439
1464 438
1463 437
1462 436
1461 435
1460 434
1459 433
1458 432
1457 431
1456 430
1455 429
1454 428
1453 427
1452 426
1451 425
1450 424
1449 423
1448 422
1447 421
1446 420
1445 419
1444 418
1443 417
1442 416
1441 415
1440 414
1439 413
1438 412
1437 411
1436 410
1435 409
1434 408
1433 407
1432 406
1431 405
1430 404
1429 403
1428 402
1427 401
1426 400
1425 399
1424 398
1423 397
1422 396
1421 395
1420 394
1419 393
1418 392
1417 391
1416 390
1415 389
1414 388
1413 387
1412 386
1411 385
1410 384
1409 383
1408 382
1407 381
1406 380
1405 379
1404 378
1403 377
1402 376
1401 375
1400 374
1399 373
1398 372
1397 371
1396 370
1395 369
1394 368
1393 367
1392 366
1391 365
1390 364
1389 363
1388 362
1387 361
1386 360
1385 359
1384 358
1383 357
1382 356
1381 355
1380 354
1379 353
1378 352
1377 351
1376 350
1375 349
1374 348
1373 347
1372 346
1371 345
1370 344
1369 343
1368 342
1367 341
1366 340
1365 339
1364 338
1363 337
1362 336
1361 335
1360 334
1359 333
1358 332
1357 331
1356 330
1355 329
1354 328
1353 327
1352 326
1351 325
1350 324
1349 323
1348 322
1347 321
1346 320
1345 319
1344 318
1343 317
1342 316
1341 315
1340 314
1339 313
1338 312
1337 311
1336 310
1335 309
1334 308
1333 307
1332 306
1331 305
1330 304
1329 303
1328 302
1327 301
1326 300
1325 299
1324 298
1323 297
1322 296
1321 295
1320 294
1319 293
1318 292
1317 291
1316 290
1315 289
1314 288
1313 287
1312 286
1311 285
1310 284
1309 283
1308 282
1307 281
1306 280
1305 279
1304 278
1303 277
1302 276
1301 275
1300 274
1299 273
1298 272
1297 271
1296 270
1295 269
1294 268
1293 267
1292 266
1291 265
1290 264
1289 263
1288 262
1287 261
1286 260
1285 259
1284 258
1283 257
1282 256
1281 255
1280 254
1279 253
1278 252
1277 251
1276 250
1275 249
1274 248
1273 247
1272 246
1271 245
1270 244
1269 243
1268 242
1267 241
1266 240
1265 239
1264 238
1263 237
1262 236
1261 235
1260 234
1259 233
1258 232
1257 231
1256 230
1255 229
1254 228
1253 227
1252 226
1251 225
1250 224
1249 223
1248 222
1247 221
1246 220
1245 219
1244 218
1243 217
1242 216
1241 215
1240 214
1239 213
1238 212
1237 211
1236 210
1235 209
1234 208
1233 207
1232 206
1231 205
1230 204
1229 203
1228 202
1227 201
1226 200
1225 199
1224 198
1223 197
1222 196
1221 195
1220 194
1219 193
1218 192
1217 191
1216 190
1215 189
1214 188
1213 187
1212 186
1211 185
1210 184
1209 183
1208 182
1207 181
1206 180
1205 179
1204 178
1203 177
1202 176
1201 175
1200 174
1199 173
1198 172
1197 171
1196 170
1195 169
1194 168
1193 167
1192 166
1191 165
1190 164
1189 163
1188 162
1187 161
1186 160
1185 159
1184 158
1183 157
1182 156
1181 155
1180 154
1179 153
1178 152
1177 151
1176 150
1175 149
1174 148
1173 147
1172 146
1171 145
1170 144
1169 143
1168 142
1167 141
1166 140
1165 139
1164 138
1163 137
1162 136
1161 135
1160 134
1159 133
1158 132
1157 131
1156 130
1155 129
1154 128
1153 127
1152 126
1151 125
1150 124
1149 123
1148 122
1147 121
1146 120
1145 119
1144 118
1143 117
1142 116
1141 115
1140 114
1139 113
1138 112
1137 111
1136 110
1135 109
1134 108
1133 107
1132 106
1131 105
1130 104
1129 103
1128 102
1127 101
1126 100
1125 99
1124 98
1123 97
1122 96
1121 95
1120 94
1119 93
1118 92
1117 91
1116 90
1115 89
1114 88
1113 87
1112 86
1111 85
1110 84
1109 83
1108 82
1107 81
1106 80
1105 79
1104 78
1103 77
1102 76
1101 75
1100 74
1099 73
1098 72
1097 71
1096 70
1095 69
1094 68
1093 67
1092 66
1091 65
1090 64
1089 63
1088 62
1087 61
1086 60
1085 59
1084 58
1083 57
1082 56
1081 55
1080 54
1079 53
1078 52
1077 51
1076 50
1075 49
1074 48
1073 47
1072 46
1071 45
1070 44
1069 43
1068 42
1067 41
1066 40
1065 39
1064 38
1063 37
1062 36
1061 35
1060 34
1059 33
1058 32
1057 31
1056 30
1055 29
1054 28
1053 27
1052 26
1051 25
1050 24
1049 23
1048 22
1047 21
1046 20
1045 19
1044 18
1043 17
1042 16
1041 15
1040 14
1039 13
1038 12
1037 11
1036 10
1035 9
1034 8
1033 7
1032 6
1031 5
1030 4
1029 3
1028 2
1027 1
1026 0
1025 1246
1024 1245
1023 1244
1022 1243
1021 1242
1020 1241
1019 1240
1018 1239
1017 1238
1016 1237
1015 1236
1014 1235
1013 1234
1012 1233
1011 1232
1010 1231
1009 1230
1008 1229
1007 1228
1006 1227
1005 1226
1004 1225
1003 1224
1002 1223
1001 1222
1000 1221
999 1220
998 1219
997 1218
996 1217
995 1216
994 1215
993 1214
992 1213
991 1212
990 1211
989 1210
988 1209
987 1208
986 1207
985 1206
984 1205
983 1204
982 1203
981 1202
980 1201
979 1200
978 1199
977 1198
976 1197
975 1196
974 1195
973 1194
972 1193
971 1192
970 1191
969 1190
968 1189
967 1188
966 1187
965 1186
964 1185
963 1184
962 1183
961 1182
960 1181
959 1180
958 1179
957 1178
956 1177
955 1176
954 1175
953 1174
952 1173
951 1172
950 1171
949 1170
948 1169
947 1168
946 1167
945 1166
944 1165
943 1164
942 1163
941 1162
940 1161
939 1160
938 1159
937 1158
936 1157
935 1156
934 1155
933 1154
932 1153
931 1152
930 1151
929 1150
928 1149
927 1148
926 1147
925 1146
924 1145
923 1144
922 1143
921 1142
920 1141
919 1140
918 1139
917 1138
916 1137
915 1136
914 1135
913 1134
912 1133
911 1132
910 1131
909 1130
908 1129
907 1128
906 1127
905 1126
904 1125
903 1124
902 1123
901 1122
900 1121
899 1120
898 1119
897 1118
896 1117
895 1116
894 1115
893 1114
892 1113
891 1112
890 1111
889 1110
888 1109
887 1108
886 1107
885 1106
884 1105
883 1104
882 1103
881 1102
880 1101
879 1100
878 1099
877 1098
876 1097
875 1096
874 1095
873 1094
872 1093
871 1092
870 1091
869 1090
868 1089
867 1088
866 1087
865 1086
864 1085
863 1084
862 1083
861 1082
860 1081
859 1080
858 1079
857 1078
856 1077
855 1076
854 1075
853 1074
852 1073
851 1072
850 1071
849 1070
848 1069
847 1068
846 1067
845 1066
844 1065
843 1064
842 1063
841 1062
840 1061
839 1060
838 1059
837 1058
836 1057
835 1056
834 1055
833 1054
832 1053
831 1052
830 1051
829 1050
828 1049
827 1048
826 1047
825 1046
824 1045
823 1044
822 1043
821 1042
820 1041
819 1040
818 1039
817 1038
816 1037
815 1036
814 1035
813 1034
812 1033
811 1032
810 1031
809 1030
808 1029
807 1028
806 1027
805 1026
804 1025
803 1024
802 1023
801 1022
800 1021
799 1020
798 1019
797 1018
796 1017
795 1016
794 1015
793 1014
792 1013
791 1012
790 1011
789 1010
788 1009
787 1008
786 1007
785 1006
784 1005
783 1004
782 1003
781 1002
780 1001
779 1000
778 999
777 998
776 997
775 996
774 995
773 994
772 993
771 992
770 991
769 990
768 989
767 988
766 987
765 986
764 985
763 984
762 983
761 982
760 981
759 980
758 979
757 978
756 977
755 976
754 975
753 974
752 973
751 972
750 971
749 970
748 969
747 968
746 967
745 966
744 965
743 964
742 963
741 962
740 961
739 960
738 959
737 958
736 957
735 956
734 955
733 954
732 953
731 952
730 951
729 950
728 949
727 948
726 947
725 946
724 945
723 944
722 943
721 942
720 941
719 940
718 939
717 938
716 937
715 936
714 935
713 934
712 933
711 932
710 931
709 930
708 929
707 928
706 927
705 926
704 925
703 924
702 923
701 922
700 921
699 920
698 919
697 918
696 917
695 916
694 915
693 914
692 913
691 912
690 911
689 910
688 909
687 908
686 907
685 906
684 905
683 904
682 903
681 902
680 901
679 900
678 899
677 898
676 897
675 896
674 895
673 894
672 893
671 892
670 891
669 890
668 889
667 888
666 887
665 886
664 885
663 884
662 883
661 882
660 881
659 880
658 879
657 878
656 877
655 876
654 875
653 874
652 873
651 872
650 871
649 870
648 869
647 868
646 867
645 866
644 865
643 864
642 863
641 862
640 861
639 860
638 859
637 858
636 857
635 856
634 855
633 854
632 853
631 852
630 851
629 850
628 849
627 848
626 847
625 846
624 845
623 844
622 843
621 842
620 841
619 840
618 839
617 838
616 837
615 836
614 835
613 834
612 833
611 832
610 831
609 830
608 829
607 828
606 827
605 826
604 825
603 824
602 823
601 822
600 821
599 820
598 819
597 818
596 817
595 816
594 815
593 814
592 813
591 812
590 811
589 810
588 809
587 808
586 807
585 806
584 805
583 804
582 803
581 802
580 801
579 800
578 799
577 798
576 797
575 796
574 795
573 794
572 793
571 792
570 791
569 790
568 789
567 788
566 787
565 786
564 785
563 784
562 783
561 782
560 781
559 780
558 779
557 778
556 777
555 776
554 775
553 774
552 773
551 772
550 771
549 770
548 769
547 768
546 767
545 766
544 765
543 764
542 763
541 762
540 761
539 760
538 759
537 758
536 757
535 756
534 755
533 754
532 753
531 752
530 751
529 750
528 749
527 748
526 747
525 746
524 745
523 744
522 743
521 742
520 741
519 740
518 739
517 738
516 737
515 736
514 735
513 734
512 733
511 732
510 731
509 730
508 729
507 728
506 727
505 726
504 725
503 724
502 723
501 722
500 721
499 720
498 719
497 718
496 717
495 716
494 715
493 714
492 713
491 712
490 711
489 710
488 709
487 708
486 707
485 706
484 705
483 704
482 703
481 702
480 701
479 700
478 699
477 698
476 697
475 696
474 695
473 694
472 693
471 692
470 691
469 690
468 689
467 688
466 687
465 686
464 685
463 684
462 683
461 682
460 681
459 680
458 679
457 678
456 677
455 676
454 675
453 674
452 673
451 672
450 671
449 670
448 669
447 668
446 667
445 666
444 665
443 664
442 663
441 662
440 661
439 660
438 659
437 658
436 657
435 656
434 655
433 654
432 653
431 652
430 651
429 650
428 649
427 648
426 647
425 646
424 645
423 644
422 643
421 642
420 641
419 640
418 639
417 638
416 637
415 636
414 635
413 634
412 633
411 632
410 631
409 630
408 629
407 628
406 627
405 626
404 625
403 624
402 623
401 622
400 621
399 620
398 619
397 618
396 617
395 616
394 615
393 614
392 613
391 612
390 611
389 610
388 609
387 608
386 607
385 606
384 605
383 604
382 603
381 602
380 601
379 600
378 599
377 598
376 597
375 596
374 595
373 594
372 593
371 592
370 591
369 590
368 589
367 588
366 587
365 586
364 585
363 584
362 583
361 582
360 581
359 580
358 579
357 578
356 577
355 576
354 575
353 574
352 573
351 572
350 571
349 570
348 569
347 568
346 567
345 566
344 565
343 564
342 563
341 562
340 561
339 560
338 559
337 558
336 557
335 556
334 555
333 554
332 553
331 552
330 551
329 550
328 549
327 548
326 547
325 546
324 545
323 544
322 543
321 542
320 541
319 540
318 539
317 538
316 537
315 536
314 535
313 534
312 533
311 532
310 531
309 530
308 529
307 528
306 527
305 526
304 525
303 524
302 523
301 522
300 521
299 520
298 519
297 518
296 517
295 516
294 515
293 514
292 513
291 512
290 511
289 510
288 509
287 508
286 507
285 506
284 505
283 504
282 503
281 502
280 501
279 500
278 499
277 498
276 497
275 496
274 495
273 494
272 493
271 492
270 491
269 490
268 489
267 488
266 487
265 486
264 485
263 484
262 483
261 482
260 481
259 480
258 479
257 478
256 477
255 476
254 475
253 474
252 473
251 472
250 471
249 470
248 469
247 468
246 467
245 466
244 465
243 464
242 463
241 462
240 461
239 460
238 459
237 458
236 457
235 456
234 455
233 454
232 453
231 452
230 451
229 450
228 449
227 448
226 447
225 446
224 445
223 444
222 443
221 442
220 441
219 440
218 439
217 438
216 437
215 436
214 435
213 434
212 433
211 432
210 431
209 430
208 429
207 428
206 427
205 426
204 425
203 424
202 423
201 422
200 421
199 420
198 419
197 418
196 417
195 416
194 415
193 414
192 413
191 412
190 411
189 410
188 409
187 408
186 407
185 406
184 405
183 404
182 403
181 402
180 401
179 400
178 399
177 398
176 397
175 396
174 395
173 394
172 393
171 392
170 391
169 390
168 389
167 388
166 387
165 386
164 385
163 384
162 383
161 382
160 381
159 380
158 379
157 378
156 377
155 376
154 375
153 374
152 373
151 372
150 371
149 370
148 369
147 368
146 367
145 366
144 365
143 364
142 363
141 362
140 361
139 360
138 359
137 358
136 357
135 356
134 355
133 354
132 353
131 352
130 351
129 350
128 349
127 348
126 347
125 346
124 345
123 344
122 343
121 342
120 341
119 340
118 339
117 338
116 337
115 336
114 335
113 334
112 333
111 332
110 331
109 330
108 329
107 328
106 327
105 326
104 325
103 324
102 323
101 322
100 321
99 320
98 319
97 318
96 317
95 316
94 315
93 314
92 313
91 312
90 311
89 310
88 309
87 308
86 307
85 306
84 305
83 304
82 303
81 302
80 301
79 300
78 299
77 298
76 297
75 296
74 295
73 294
72 293
71 292
70 291
69 290
68 289
67 288
66 287
65 286
64 285
63 284
62 283
61 282
60 281
59 280
58 279
57 278
56 277
55 276
54 275
53 274
52 273
51 272
50 271
49 270
48 269
47 268
46 267
45 266
44 265
43 264
42 263
41 262
40 261
39 260
38 259
37 258
36 257
35 256
34 255
33 254
32 253
31 252
30 251
29 250
28 249
27 248
26 247
25 246
24 245
23 244
22 243
21 242
20 241
19 240
18 239
17 238
16 237
15 236
14 235
13 234
12 233
11 232
10 231
9 230
8 229
7 228
6 227
5 226
4 225
3 224
2 223
1 222
0 221
1000 220
1000 219
1000 218
1000 217
1000 216
1000 215
1000 214
1000 213
1000 212
1000 211
1000 210
1000 209
1000 208
1000 207
1000 206
1000 205
1000 204
1000 203
1000 202
1000 201
1000 200
1000 199
1000 198
1000 197
1000 196
1000 195
1000 194
1000 193
1000 192
1000 191
1000 190
1000 189
1000 188
1000 187
1000 186
1000 185
1000 184
1000 183
1000 182
1000 181
1000 180
1000 179
1000 178
1000 177
1000 176
1000 175
1000 174
1000 173
1000 172
1000 171
1000 170
1000 169
1000 168
1000 167
1000 166
1000 165
1000 164
1000 163
1000 162
1000 161
1000 160
1000 159
1000 158
1000 157
1000 156
1000 155
1000 154
1000 153
1000 152
1000 151
1000 150
1000 149
1000 148
1000 147
1000 146
1000 145
1000 144
1000 143
1000 142
1000 141
1000 140
1000 139
1000 138
1000 137
1000 136
1000 135
1000 134
1000 133
1000 132
1000 131
1000 130
1000 129
1000 128
1000 127
1000 126
1000 125
1000 124
1000 123
1000 122
1000 121
1000 120
1000 119
1000 118
1000 117
1000 116
1000 115
1000 114
1000 113
1000 112
1000 111
1000 110
1000 109
1000 108
1000 107
1000 106
1000 105
1000 104
1000 103
1000 102
1000 101
1000 100
1000 99
1000 98
1000 97
1000 96
1000 95
1000 94
1000 93
1000 92
1000 91
1000 90
1000 89
1000 88
1000 87
1000 86
1000 85
1000 84
1000 83
1000 82
1000 81
1000 80
1000 79
1000 78
1000 77
1000 76
1000 75
1000 74
1000 73
1000 72
1000 71
1000 70
1000 69
1000 68
1000 67
1000 66
1000 65
1000 64
1000 63
1000 62
1000 61
1000 60
1000 59
1000 58
1000 57
1000 56
1000 55
1000 54
1000 53
1000 52
1000 51
1000 50
1000 49
1000 48
1000 47
1000 46
1000 45
1000 44
1000 43
1000 42
1000 41
1000 40
1000 39
1000 38
1000 37
1000 36
1000 35
1000 34
1000 33
1000 32
1000 31
1000 30
1000 29
1000 28
1000 27
1000 26
1000 25
1000 24
1000 23
1000 22
1000 21
1000 20
1000 19
1000 18
1000 17
1000 16
1000 15
1000 14
1000 13
1000 12
1000 11
1000 10
1000 9
1000 8
1000 7
1000 6
1000 5
1000 4
1000 3
1000 2
1000 1
1000 0
1000 1000
1000 1000
1000 1000
1000 1000
1000 1000
1000 1000
1000 1000
1000 1000
1000 1000
1000 1000
1000 1000
1000 1000
1000 1000
1000 1000
1000 1000
1000 1000
1000 1000
1000 1000
1000 1000
1000 1000
1000 1000
1000 1000
1000 1000
1000 1000
1000 1000
1000 1000
1000 1000
1000 1000
1000 1000
1000 1000
1000 1000
1000 1000
1000 1000
1000 1000
1000 1000
1000 1000
1000 1000
1000 1000
1000 1000
1000 1000
1000 1000
1000 1000
1000 1000
1000 1000
1000 1000
1000 1000
1000 1000
1000 1000
1000 1000
1000 1000
1000 1000
1000 1000
1000 1000
1000 1000
1000 1000
1000 1000
1000 1000
1000 1000
1000 1000
1000 1000
1000 1000
1000 1000
1000 1000
1000 1000
1000 1000
1000 1000
1000 1000
1000 1000
1000 1000
1000 1000
1000 1000
1000 1000
1000 1000
1000 1000
1000 1000
1000 1000
1000 1000
1000 1000
1000 1000
1000 1000
1000 1000
1000 1000
1000 1000
1000 1000
1000 1000
1000 1000
1000 1000
1000 1000
1000 1000
1000 1000
1000 1000
1000 1000
1000 1000
1000 1000
1000 1000
1000 1000
1000 1000
1000 1000
1000 1000
1000 1000
1000 1000
1000 1000
1000 1000
1000 1000
1000 1000
1000 1000
1000 1000
1000 1000
1000 1000
1000 1000
1000 1000
1000 1000
1000 1000
1000 1000
1000 1000
1000 1000
1000 1000
1000 1000
1000 1000
1000 1000
1000 1000
1000 1000
1000 1000
1000 1000
1000 1000
1000 1000
1000 1000
1000 1000
1000 1000
1000 1000
1000 1000
1000 1000
1000 1000
1000 1000
1000 1000
1000 1000
1000 1000
1000 1000
1000 1000
1000 1000
1000 1000
1000 1000
1000 1000
1000 1000
1000 1000
1000 1000
1000 1000
1000 1000
1000 1000
1000 1000
1000 1000
1000 1000
1000 1000
1000 1000
1000 1000
1000 1000
1000 1000
1000 1000
1000 1000
1000 1000
1000 1000
1000 1000
1000 1000
1000 1000
1000 1000
1000 1000
1000 1000
1000 1000
1000 1000
1000 1000
1000 1000
1000 1000
1000 1000
1000 1000
1000 1000
1000 1000
1000 1000
1000 1000
1000 1000
1000 1000
1000 1000
1000 1000
1000 1000
1000 1000
1000 1000
1000 1000
1000 1000
1000 1000
1000 1000
1000 1000
1000 1000
1000 1000
1000 1000
1000 1000
1000 1000
1000 1000
1000 1000
1000 1000
1000 1000
1000 1000
1000 1000
1000 1000
1000 1000
1000 1000
1000 1000
1000 1000
1000 1000
1000 1000
1000 1000
1000 1000
1000 1000
1000 1000
1000 1000
1000 1000
1000 1000
1000 1000
1000 1000
1000 1000
1000 1000
1000 1000
1000 1000
1000 1000
1000 1000
1000 1000
1000 1000
1000 1000
1000 1000
1000 1000
1000 1000
1000 1000
1000 1000
1000 1000
1000 1000
1000 1000
1000 1000
1000 1000
1000 1000
1000 1000
1000 1000
1000 1000
1000 1000
1000 1000
1000 1000
1000 1000
1000 1000
1000 1000
1000 1000
1000 1000
1000 1000
1000 1000
1000 1000
1000 1000
1000 1000
1000 1000
1000 1000
1000 1000
1000 1000
1000 1000
1000 1000
1000 1000
1000 1000
1000 1000
1000 1000
1000 1000
1000 1000
1000 1000
1000 1000
1000 1000
1000 1000
1000 1000
1000 1000
1000 1000
1000 1000
1000 1000
1000 1000
1000 1000
1000 1000
1000 1000
1000 1000
1000 1000
1000 1000
1000 1000
1000 1000
1000 1000
1000 1000
1000 1000
1000 1000
1000 1000
1000 1000
