2709 1535
2708 1534
2707 1533
2706 1532
2705 1531
2704 1530
2703 1529
2702 1528
2701 1527
2700 1526
2699 1525
2698 1524
2697 1523
2696 1522
2695 1521
2694 1520
2693 1519
2692 1518
2691 1517
2690 1516
2689 1515
2688 1514
2687 1513
2686 1512
2685 1511
2684 1510
2683 1509
2682 1508
2681 1507
2680 1506
2679 1505
2678 1504
2677 1503
2676 1502
2675 1501
2674 1500
2673 1499
2672 1498
2671 1497
2670 1496
2669 1495
2668 1494
2667 1493
2666 1492
2665 1491
2664 1490
2663 1489
2662 1488
2661 1487
2660 1486
2659 1485
2658 1484
2657 1483
2656 1482
2655 1481
2654 1480
2653 1479
2652 1478
2651 1477
2650 1476
2649 1475
2648 1474
2647 1473
2646 1472
2645 1471
2644 1470
2643 1469
2642 1468
2641 1467
2640 1466
2639 1465
2638 1464
2637 1463
2636 1462
2635 1461
2634 1460
2633 1459
2632 1458
2631 1457
2630 1456
2629 1455
2628 1454
2627 1453
2626 1452
2625 1451
2624 1450
2623 1449
2622 1448
2621 1447
2620 1446
2619 1445
2618 1444
2617 1443
2616 1442
2615 1441
2614 1440
2613 1439
2612 1438
2611 1437
2610 1436
2609 1435
2608 1434
2607 1433
2606 1432
2605 1431
2604 1430
2603 1429
2602 1428
2601 1427
2600 1426
2599 1425
2598 1424
2597 1423
2596 1422
2595 1421
2594 1420
2593 1419
2592 1418
2591 1417
2590 1416
2589 1415
2588 1414
2587 1413
2586 1412
2585 1411
2584 1410
2583 1409
2582 1408
2581 1407
2580 1406
2579 1405
2578 1404
2577 1403
2576 1402
2575 1401
2574 1400
2573 1399
2572 1398
2571 1397
2570 1396
2569 1395
2568 1394
2567 1393
2566 1392
2565 1391
2564 1390
2563 1389
2562 1388
2561 1387
2560 1386
2559 1385
2558 1384
2557 1383
2556 1382
2555 1381
2554 1380
2553 1379
2552 1378
2551 1377
2550 1376
2549 1375
2548 1374
2547 1373
2546 1372
2545 1371
2544 1370
2543 1369
2542 1368
2541 1367
2540 1366
2539 1365
2538 1364
2537 1363
2536 1362
2535 1361
2534 1360
2533 1359
2532 1358
2531 1357
2530 1356
2529 1355
2528 1354
2527 1353
2526 1352
2525 1351
2524 1350
2523 1349
2522 1348
2521 1347
2520 1346
2519 1345
2518 1344
2517 1343
2516 1342
2515 1341
2514 1340
2513 1339
2512 1338
2511 1337
2510 1336
2509 1335
2508 1334
2507 1333
2506 1332
2505 1331
2504 1330
2503 1329
2502 1328
2501 1327
2500 1326
2499 1325
2498 1324
2497 1323
2496 1322
2495 1321
2494 1320
2493 1319
2492 1318
2491 1317
2490 1316
2489 1315
2488 1314
2487 1313
2486 1312
2485 1311
2484 1310
2483 1309
2482 1308
2481 1307
2480 1306
2479 1305
2478 1304
2477 1303
2476 1302
2475 1301
2474 1300
2473 1299
2472 1298
2471 1297
2470 1296
2469 1295
2468 1294
2467 1293
2466 1292
2465 1291
2464 1290
2463 1289
2462 1288
2461 1287
2460 1286
2459 1285
2458 1284
2457 1283
2456 1282
2455 1281
2454 1280
2453 1279
2452 1278
2451 1277
2450 1276
2449 1275
2448 1274
2447 1273
2446 1272
2445 1271
2444 1270
2443 1269
2442 1268
2441 1267
2440 1266
2439 1265
2438 1264
2437 1263
2436 1262
2435 1261
2434 1260
2433 1259
2432 1258
2431 1257
2430 1256
2429 1255
2428 1254
2427 1253
2426 1252
2425 1251
2424 1250
2423 1249
2422 1248
2421 1247
2420 1246
2419 1245
2418 1244
2417 1243
2416 1242
2415 1241
2414 1240
2413 1239
2412 1238
2411 1237
2410 1236
2409 1235
2408 1234
2407 1233
2406 1232
2405 1231
2404 1230
2403 1229
2402 1228
2401 1227
2400 1226
2399 1225
2398 1224
2397 1223
2396 1222
2395 1221
2394 1220
2393 1219
2392 1218
2391 1217
2390 1216
2389 1215
2388 1214
2387 1213
2386 1212
2385 1211
2384 1210
2383 1209
2382 1208
2381 1207
2380 1206
2379 1205
2378 1204
2377 1203
2376 1202
2375 1201
2374 1200
2373 1199
2372 1198
2371 1197
2370 1196
2369 1195
2368 1194
2367 1193
2366 1192
2365 1191
2364 1190
2363 1189
2362 1188
2361 1187
2360 1186
2359 1185
2358 1184
2357 1183
2356 1182
2355 1181
2354 1180
2353 1179
2352 1178
2351 1177
2350 1176
2349 1175
2348 1174
2347 1173
2346 1172
2345 1171
2344 1170
2343 1169
2342 1168
2341 1167
2340 1166
2339 1165
2338 1164
2337 1163
2336 1162
2335 1161
2334 1160
2333 1159
2332 1158
2331 1157
2330 1156
2329 1155
2328 1154
2327 1153
2326 1152
2325 1151
2324 1150
2323 1149
2322 1148
2321 1147
2320 1146
2319 1145
2318 1144
2317 1143
2316 1142
2315 1141
2314 1140
2313 1139
2312 1138
2311 1137
2310 1136
2309 1135
2308 1134
2307 1133
2306 1132
2305 1131
2304 1130
2303 1129
2302 1128
2301 1127
2300 1126
2299 1125
2298 1124
2297 1123
2296 1122
2295 1121
2294 1120
2293 1119
2292 1118
2291 1117
2290 1116
2289 1115
2288 1114
2287 1113
2286 1112
2285 1111
2284 1110
2283 1109
2282 1108
2281 1107
2280 1106
2279 1105
2278 1104
2277 1103
2276 1102
2275 1101
2274 1100
2273 1099
2272 1098
2271 1097
2270 1096
2269 1095
2268 1094
2267 1093
2266 1092
2265 1091
2264 1090
2263 1089
2262 1088
2261 1087
2260 1086
2259 1085
2258 1084
2257 1083
2256 1082
2255 1081
2254 1080
2253 1079
2252 1078
2251 1077
2250 1076
2249 1075
2248 1074
2247 1073
2246 1072
2245 1071
2244 1070
2243 1069
2242 1068
2241 1067
2240 1066
2239 1065
2238 1064
2237 1063
2236 1062
2235 1061
2234 1060
2233 1059
2232 1058
2231 1057
2230 1056
2229 1055
2228 1054
2227 1053
2226 1052
2225 1051
2224 1050
2223 1049
2222 1048
2221 1047
2220 1046
2219 1045
2218 1044
2217 1043
2216 1042
2215 1041
2214 1040
2213 1039
2212 1038
2211 1037
2210 1036
2209 1035
2208 1034
2207 1033
2206 1032
2205 1031
2204 1030
2203 1029
2202 1028
2201 1027
2200 1026
2199 1025
2198 1024
2197 1023
2196 1022
2195 1021
2194 1020
2193 1019
2192 1018
2191 1017
2190 1016
2189 1015
2188 1014
2187 1013
2186 1012
2185 1011
2184 1010
2183 1009
2182 1008
2181 1007
2180 1006
2179 1005
2178 1004
2177 1003
2176 1002
2175 1001
2174 1000
2173 999
2172 998
2171 997
2170 996
2169 995
2168 994
2167 993
2166 992
2165 991
2164 990
2163 989
2162 988
2161 987
2160 986
2159 985
2158 984
2157 983
2156 982
2155 981
2154 980
2153 979
2152 978
2151 977
2150 976
2149 975
2148 974
2147 973
2146 972
2145 971
2144 970
2143 969
2142 968
2141 967
2140 966
2139 965
2138 964
2137 963
2136 962
2135 961
2134 960
2133 959
2132 958
2131 957
2130 956
2129 955
2128 954
2127 953
2126 952
2125 951
2124 950
2123 949
2122 948
2121 947
2120 946
2119 945
2118 944
2117 943
2116 942
2115 941
2114 940
2113 939
2112 938
2111 937
2110 936
2109 935
2108 934
2107 933
2106 932
2105 931
2104 930
2103 929
2102 928
2101 927
2100 926
2099 925
2098 924
2097 923
2096 922
2095 921
2094 920
2093 919
2092 918
2091 917
2090 916
2089 915
2088 914
2087 913
2086 912
2085 911
2084 910
2083 909
2082 908
2081 907
2080 906
2079 905
2078 904
2077 903
2076 902
2075 901
2074 900
2073 899
2072 898
2071 897
2070 896
2069 895
2068 894
2067 893
2066 892
2065 891
2064 890
2063 889
2062 888
2061 887
2060 886
2059 885
2058 884
2057 883
2056 882
2055 881
2054 880
2053 879
2052 878
2051 877
2050 876
2049 875
2048 874
2047 873
2046 872
2045 871
2044 870
2043 869
2042 868
2041 867
2040 866
2039 865
2038 864
2037 863
2036 862
2035 861
2034 860
2033 859
2032 858
2031 857
2030 856
2029 855
2028 854
2027 853
2026 852
2025 851
2024 850
2023 849
2022 848
2021 847
2020 846
2019 845
2018 844
2017 843
2016 842
2015 841
2014 840
2013 839
2012 838
2011 837
2010 836
2009 835
2008 834
2007 833
2006 832
2005 831
2004 830
2003 829
2002 828
2001 827
2000 826
1999 825
1998 824
1997 823
1996 822
1995 821
1994 820
1993 819
1992 818
1991 817
1990 816
1989 815
1988 814
1987 813
1986 812
1985 811
1984 810
1983 809
1982 808
1981 807
1980 806
1979 805
1978 804
1977 803
1976 802
1975 801
1974 800
1973 799
1972 798
1971 797
1970 796
1969 795
1968 794
1967 793
1966 792
1965 791
1964 790
1963 789
1962 788
1961 787
1960 786
1959 785
1958 784
1957 783
1956 782
1955 781
1954 780
1953 779
1952 778
1951 777
1950 776
1949 775
1948 774
1947 773
1946 772
1945 771
1944 770
1943 769
1942 768
1941 767
1940 766
1939 765
1938 764
1937 763
1936 762
1935 761
1934 760
1933 759
1932 758
1931 757
1930 756
1929 755
1928 754
1927 753
1926 752
1925 751
1924 750
1923 749
1922 748
1921 747
1920 746
1919 745
1918 744
1917 743
1916 742
1915 741
1914 740
1913 739
1912 738
1911 737
1910 736
1909 735
1908 734
1907 733
1906 732
1905 731
1904 730
1903 729
1902 728
1901 727
1900 726
1899 725
1898 724
1897 723
1896 722
1895 721
1894 720
1893 719
1892 718
1891 717
1890 716
1889 715
1888 714
1887 713
1886 712
1885 711
1884 710
1883 709
1882 708
1881 707
1880 706
1879 705
1878 704
1877 703
1876 702
1875 701
1874 700
1873 699
1872 698
1871 697
1870 696
1869 695
1868 694
1867 693
1866 692
1865 691
1864 690
1863 689
1862 688
1861 687
1860 686
1859 685
1858 684
1857 683
1856 682
1855 681
1854 680
1853 679
1852 678
1851 677
1850 676
1849 675
1848 674
1847 673
1846 672
1845 671
1844 670
1843 669
1842 668
1841 667
1840 666
1839 665
1838 664
1837 663
1836 662
1835 661
1834 660
1833 659
1832 658
1831 657
1830 656
1829 655
1828 654
1827 653
1826 652
1825 651
1824 650
1823 649
1822 648
1821 647
1820 646
1819 645
1818 644
1817 643
1816 642
1815 641
1814 640
1813 639
1812 638
1811 637
1810 636
1809 635
1808 634
1807 633
1806 632
1805 631
1804 630
1803 629
1802 628
1801 627
1800 626
1799 625
1798 624
1797 623
1796 622
1795 621
1794 620
1793 619
1792 618
1791 617
1790 616
1789 615
1788 614
1787 613
1786 612
1785 611
1784 610
1783 609
1782 608
1781 607
1780 606
1779 605
1778 604
1777 603
1776 602
1775 601
1774 600
1773 599
1772 598
1771 597
1770 596
1769 595
1768 594
1767 593
1766 592
1765 591
1764 590
1763 589
1762 588
1761 587
1760 586
1759 585
1758 584
1757 583
1756 582
1755 581
1754 580
1753 579
1752 578
1751 577
1750 576
1749 575
1748 574
1747 573
1746 572
1745 571
1744 570
1743 569
1742 568
1741 567
1740 566
1739 565
1738 564
1737 563
1736 562
1735 561
1734 560
1733 559
1732 558
1731 557
1730 556
1729 555
1728 554
1727 553
1726 552
1725 551
1724 550
1723 549
1722 548
1721 547
1720 546
1719 545
1718 544
1717 543
1716 542
1715 541
1714 540
1713 539
1712 538
1711 537
1710 536
1709 535
1708 534
1707 533
1706 532
1705 531
1704 530
1703 529
1702 528
1701 527
1700 526
1699 525
1698 524
1697 523
1696 522
1695 521
1694 520
1693 519
1692 518
1691 517
1690 516
1689 515
1688 514
1687 513
1686 512
1685 511
1684 510
1683 509
1682 508
1681 507
1680 506
1679 505
1678 504
1677 503
1676 502
1675 501
1674 500
1673 499
1672 498
1671 497
1670 496
1669 495
1668 494
1667 493
1666 492
1665 491
1664 490
1663 489
1662 488
1661 487
1660 486
1659 485
1658 484
1657 483
1656 482
1655 481
1654 480
1653 479
1652 478
1651 477
1650 476
1649 475
1648 474
1647 473
1646 472
1645 471
1644 470
1643 469
1642 468
1641 467
1640 466
1639 465
1638 464
1637 463
1636 462
1635 461
1634 460
1633 459
1632 458
1631 457
1630 456
1629 455
1628 454
1627 453
1626 452
1625 451
1624 450
1623 449
1622 448
1621 447
1620 446
1619 445
1618 444
1617 443
1616 442
1615 441
1614 440
1613 439
1612 438
1611 437
1610 436
1609 435
1608 434
1607 433
1606 432
1605 431
1604 430
1603 429
1602 428
1601 427
1600 426
1599 425
1598 424
1597 423
1596 422
1595 421
1594 420
1593 419
1592 418
1591 417
1590 416
1589 415
1588 414
1587 413
1586 412
1585 411
1584 410
1583 409
1582 408
1581 407
1580 406
1579 405
1578 404
1577 403
1576 402
1575 401
1574 400
1573 399
1572 398
1571 397
1570 396
1569 395
1568 394
1567 393
1566 392
1565 391
1564 390
1563 389
1562 388
1561 387
1560 386
1559 385
1558 384
1557 383
1556 382
1555 381
1554 380
1553 379
1552 378
1551 377
1550 376
1549 375
1548 374
1547 373
1546 372
1545 371
1544 370
1543 369
1542 368
1541 367
1540 366
1539 365
1538 364
1537 363
1536 362
1535 361
1534 360
1533 359
1532 358
1531 357
1530 356
1529 355
1528 354
1527 353
1526 352
1525 351
1524 350
1523 349
1522 348
1521 347
1520 346
1519 345
1518 344
1517 343
1516 342
1515 341
1514 340
1513 339
1512 338
1511 337
1510 336
1509 335
1508 334
1507 333
1506 332
1505 331
1504 330
1503 329
1502 328
1501 327
1500 326
1499 325
1498 324
1497 323
1496 322
1495 321
1494 320
1493 319
1492 318
1491 317
1490 316
1489 315
1488 314
1487 313
1486 312
1485 311
1484 310
1483 309
1482 308
1481 307
1480 306
1479 305
1478 304
1477 303
1476 302
1475 301
1474 300
1473 299
1472 298
1471 297
1470 296
1469 295
1468 294
1467 293
1466 292
1465 291
1464 290
1463 289
1462 288
1461 287
1460 286
1459 285
1458 284
1457 283
1456 282
1455 281
1454 280
1453 279
1452 278
1451 277
1450 276
1449 275
1448 274
1447 273
1446 272
1445 271
1444 270
1443 269
1442 268
1441 267
1440 266
1439 265
1438 264
1437 263
1436 262
1435 261
1434 260
1433 259
1432 258
1431 257
1430 256
1429 255
1428 254
1427 253
1426 252
1425 251
1424 250
1423 249
1422 248
1421 247
1420 246
1419 245
1418 244
1417 243
1416 242
1415 241
1414 240
1413 239
1412 238
1411 237
1410 236
1409 235
1408 234
1407 233
1406 232
1405 231
1404 230
1403 229
1402 228
1401 227
1400 226
1399 225
1398 224
1397 223
1396 222
1395 221
1394 220
1393 219
1392 218
1391 217
1390 216
1389 215
1388 214
1387 213
1386 212
1385 211
1384 210
1383 209
1382 208
1381 207
1380 206
1379 205
1378 204
1377 203
1376 202
1375 201
1374 200
1373 199
1372 198
1371 197
1370 196
1369 195
1368 194
1367 193
1366 192
1365 191
1364 190
1363 189
1362 188
1361 187
1360 186
1359 185
1358 184
1357 183
1356 182
1355 181
1354 180
1353 179
1352 178
1351 177
1350 176
1349 175
1348 174
1347 173
1346 172
1345 171
1344 170
1343 169
1342 168
1341 167
1340 166
1339 165
1338 164
1337 163
1336 162
1335 161
1334 160
1333 159
1332 158
1331 157
1330 156
1329 155
1328 154
1327 153
1326 152
1325 151
1324 150
1323 149
1322 148
1321 147
1320 146
1319 145
1318 144
1317 143
1316 142
1315 141
1314 140
1313 139
1312 138
1311 137
1310 136
1309 135
1308 134
1307 133
1306 132
1305 131
1304 130
1303 129
1302 128
1301 127
1300 126
1299 125
1298 124
1297 123
1296 122
1295 121
1294 120
1293 119
1292 118
1291 117
1290 116
1289 115
1288 114
1287 113
1286 112
1285 111
1284 110
1283 109
1282 108
1281 107
1280 106
1279 105
1278 104
1277 103
1276 102
1275 101
1274 100
1273 99
1272 98
1271 97
1270 96
1269 95
1268 94
1267 93
1266 92
1265 91
1264 90
1263 89
1262 88
1261 87
1260 86
1259 85
1258 84
1257 83
1256 82
1255 81
1254 80
1253 79
1252 78
1251 77
1250 76
1249 75
1248 74
1247 73
1246 72
1245 71
1244 70
1243 69
1242 68
1241 67
1240 66
1239 65
1238 64
1237 63
1236 62
1235 61
1234 60
1233 59
1232 58
1231 57
1230 56
1229 55
1228 54
1227 53
1226 52
1225 51
1224 50
1223 49
1222 48
1221 47
1220 46
1219 45
1218 44
1217 43
1216 42
1215 41
1214 40
1213 39
1212 38
1211 37
1210 36
1209 35
1208 34
1207 33
1206 32
1205 31
1204 30
1203 29
1202 28
1201 27
1200 26
1199 25
1198 24
1197 23
1196 22
1195 21
1194 20
1193 19
1192 18
1191 17
1190 16
1189 15
1188 14
1187 13
1186 12
1185 11
1184 10
1183 9
1182 8
1181 7
1180 6
1179 5
1178 4
1177 3
1176 2
1175 1
1174 0
1173 1000
1172 1000
1171 1000
1170 1000
1169 1000
1168 1000
1167 1000
1166 1000
1165 1000
1164 1000
1163 1000
1162 1000
1161 1000
1160 1000
1159 1000
1158 1000
1157 1000
1156 1000
1155 1000
1154 1000
1153 1000
1152 1000
1151 1000
1150 1000
1149 1000
1148 1000
1147 1000
1146 1000
1145 1000
1144 1000
1143 1000
1142 1000
1141 1000
1140 1000
1139 1000
1138 1000
1137 1000
1136 1000
1135 1000
1134 1000
1133 1000
1132 1000
1131 1000
1130 1000
1129 1000
1128 1000
1127 1000
1126 1000
1125 1000
1124 1000
1123 1000
1122 1000
1121 1000
1120 1000
1119 1000
1118 1000
1117 1000
1116 1000
1115 1000
1114 1000
1113 1000
1112 1000
1111 1000
1110 1000
1109 1000
1108 1000
1107 1000
1106 1000
1105 1000
1104 1000
1103 1000
1102 1000
1101 1000
1100 1000
1099 1000
1098 1000
1097 1000
1096 1000
1095 1000
1094 1000
1093 1000
1092 1000
1091 1000
1090 1000
1089 1000
1088 1000
1087 1000
1086 1000
1085 1000
1084 1000
1083 1000
1082 1000
1081 1000
1080 1000
1079 1000
1078 1000
1077 1000
1076 1000
1075 1000
1074 1000
1073 1000
1072 1000
1071 1000
1070 1000
1069 1000
1068 1000
1067 1000
1066 1000
1065 1000
1064 1000
1063 1000
1062 1000
1061 1000
1060 1000
1059 1000
1058 1000
1057 1000
1056 1000
1055 1000
1054 1000
1053 1000
1052 1000
1051 1000
1050 1000
1049 1000
1048 1000
1047 1000
1046 1000
1045 1000
1044 1000
1043 1000
1042 1000
1041 1000
1040 1000
1039 1000
1038 1000
1037 1000
1036 1000
1035 1000
1034 1000
1033 1000
1032 1000
1031 1000
1030 1000
1029 1000
1028 1000
1027 1000
1026 1000
1025 1000
1024 1000
1023 1000
1022 1000
1021 1000
1020 1000
1019 1000
1018 1000
1017 1000
1016 1000
1015 1000
1014 1000
1013 1000
1012 1000
1011 1000
1010 1000
1009 1000
1008 1000
1007 1000
1006 1000
1005 1000
1004 1000
1003 1000
1002 1000
1001 1000
1000 1000
999 1000
998 1000
997 1000
996 1000
995 1000
994 1000
993 1000
992 1000
991 1000
990 1000
989 1000
988 1000
987 1000
986 1000
985 1000
984 1000
983 1000
982 1000
981 1000
980 1000
979 1000
978 1000
977 1000
976 1000
975 1000
974 1000
973 1000
972 1000
971 1000
970 1000
969 1000
968 1000
967 1000
966 1000
965 1000
964 1000
963 1000
962 1000
961 1000
960 1000
959 1000
958 1000
957 1000
956 1000
955 1000
954 1000
953 1000
952 1000
951 1000
950 1000
949 1000
948 1000
947 1000
946 1000
945 1000
944 1000
943 1000
942 1000
941 1000
940 1000
939 1000
938 1000
937 1000
936 1000
935 1000
934 1000
933 1000
932 1000
931 1000
930 1000
929 1000
928 1000
927 1000
926 1000
925 1000
924 1000
923 1000
922 1000
921 1000
920 1000
919 1000
918 1000
917 1000
916 1000
915 1000
914 1000
913 1000
912 1000
911 1000
910 1000
909 1000
908 1000
907 1000
906 1000
905 1000
904 1000
903 1000
902 1000
901 1000
900 1000
899 1000
898 1000
897 1000
896 1000
895 1000
894 1000
893 1000
892 1000
891 1000
890 1000
889 1000
888 1000
887 1000
886 1000
885 1000
884 1000
883 1000
882 1000
881 1000
880 1000
879 1000
878 1000
877 1000
876 1000
875 1000
874 1000
873 1000
872 1000
871 1000
870 1000
869 1000
868 1000
867 1000
866 1000
865 1000
864 1000
863 1000
862 1000
861 1000
860 1000
859 1000
858 1000
857 1000
856 1000
855 1000
854 1000
853 1000
852 1000
851 1000
850 1000
849 1000
848 1000
847 1000
846 1000
845 1000
844 1000
843 1000
842 1000
841 1000
840 1000
839 1000
838 1000
837 1000
836 1000
835 1000
834 1000
833 1000
832 1000
831 1000
830 1000
829 1000
828 1000
827 1000
826 1000
825 1000
824 1000
823 1000
822 1000
821 1000
820 1000
819 1000
818 1000
817 1000
816 1000
815 1000
814 1000
813 1000
812 1000
811 1000
810 1000
809 1000
808 1000
807 1000
806 1000
805 1000
804 1000
803 1000
802 1000
801 1000
800 1000
799 1000
798 1000
797 1000
796 1000
795 1000
794 1000
793 1000
792 1000
791 1000
790 1000
789 1000
788 1000
787 1000
786 1000
785 1000
784 1000
783 1000
782 1000
781 1000
780 1000
779 1000
778 1000
777 1000
776 1000
775 1000
774 1000
773 1000
772 1000
771 1000
770 1000
769 1000
768 1000
767 1000
766 1000
765 1000
764 1000
763 1000
762 1000
761 1000
760 1000
759 1000
758 1000
757 1000
756 1000
755 1000
754 1000
753 1000
752 1000
751 1000
750 1000
749 1000
748 1000
747 1000
746 1000
745 1000
744 1000
743 1000
742 1000
741 1000
740 1000
739 1000
738 1000
737 1000
736 1000
735 1000
734 1000
733 1000
732 1000
731 1000
730 1000
729 1000
728 1000
727 1000
726 1000
725 1000
724 1000
723 1000
722 1000
721 1000
720 1000
719 1000
718 1000
717 1000
716 1000
715 1000
714 1000
713 1000
712 1000
711 1000
710 1000
709 1000
708 1000
707 1000
706 1000
705 1000
704 1000
703 1000
702 1000
701 1000
700 1000
699 1000
698 1000
697 1000
696 1000
695 1000
694 1000
693 1000
692 1000
691 1000
690 1000
689 1000
688 1000
687 1000
686 1000
685 1000
684 1000
683 1000
682 1000
681 1000
680 1000
679 1000
678 1000
677 1000
676 1000
675 1000
674 1000
673 1000
672 1000
671 1000
670 1000
669 1000
668 1000
667 1000
666 1000
665 1000
664 1000
663 1000
662 1000
661 1000
660 1000
659 1000
658 1000
657 1000
656 1000
655 1000
654 1000
653 1000
652 1000
651 1000
650 1000
649 1000
648 1000
647 1000
646 1000
645 1000
644 1000
643 1000
642 1000
641 1000
640 1000
639 1000
638 1000
637 1000
636 1000
635 1000
634 1000
633 1000
632 1000
631 1000
630 1000
629 1000
628 1000
627 1000
626 1000
625 1000
624 1000
623 1000
622 1000
621 1000
620 1000
619 1000
618 1000
617 1000
616 1000
615 1000
614 1000
613 1000
612 1000
611 1000
610 1000
609 1000
608 1000
607 1000
606 1000
605 1000
604 1000
603 1000
602 1000
601 1000
600 1000
599 1000
598 1000
597 1000
596 1000
595 1000
594 1000
593 1000
592 1000
591 1000
590 1000
589 1000
588 1000
587 1000
586 1000
585 1000
584 1000
583 1000
582 1000
581 1000
580 1000
579 1000
578 1000
577 1000
576 1000
575 1000
574 1000
573 1000
572 1000
571 1000
570 1000
569 1000
568 1000
567 1000
566 1000
565 1000
564 1000
563 1000
562 1000
561 1000
560 1000
559 1000
558 1000
557 1000
556 1000
555 1000
554 1000
553 1000
552 1000
551 1000
550 1000
549 1000
548 1000
547 1000
546 1000
545 1000
544 1000
543 1000
542 1000
541 1000
540 1000
539 1000
538 1000
537 1000
536 1000
535 1000
534 1000
533 1000
532 1000
531 1000
530 1000
529 1000
528 1000
527 1000
526 1000
525 1000
524 1000
523 1000
522 1000
521 1000
520 1000
519 1000
518 1000
517 1000
516 1000
515 1000
514 1000
513 1000
512 1000
511 1000
510 1000
509 1000
508 1000
507 1000
506 1000
505 1000
504 1000
503 1000
502 1000
501 1000
500 1000
499 1000
498 1000
497 1000
496 1000
495 1000
494 1000
493 1000
492 1000
491 1000
490 1000
489 1000
488 1000
487 1000
486 1000
485 1000
484 1000
483 1000
482 1000
481 1000
480 1000
479 1000
478 1000
477 1000
476 1000
475 1000
474 1000
473 1000
472 1000
471 1000
470 1000
469 1000
468 1000
467 1000
466 1000
465 1000
464 1000
463 1000
462 1000
461 1000
460 1000
459 1000
458 1000
457 1000
456 1000
455 1000
454 1000
453 1000
452 1000
451 1000
450 1000
449 1000
448 1000
447 1000
446 1000
445 1000
444 1000
443 1000
442 1000
441 1000
440 1000
439 1000
438 1000
437 1000
436 1000
435 1000
434 1000
433 1000
432 1000
431 1000
430 1000
429 1000
428 1000
427 1000
426 1000
425 1000
424 1000
423 1000
422 1000
421 1000
420 1000
419 1000
418 1000
417 1000
416 1000
415 1000
414 1000
413 1000
412 1000
411 1000
410 1000
409 1000
408 1000
407 1000
406 1000
405 1000
404 1000
403 1000
402 1000
401 1000
400 1000
399 1000
398 1000
397 1000
396 1000
395 1000
394 1000
393 1000
392 1000
391 1000
390 1000
389 1000
388 1000
387 1000
386 1000
385 1000
384 1000
383 1000
382 1000
381 1000
380 1000
379 1000
378 1000
377 1000
376 1000
375 1000
374 1000
373 1000
372 1000
371 1000
370 1000
369 1000
368 1000
367 1000
366 1000
365 1000
364 1000
363 1000
362 1000
361 1000
360 1000
359 1000
358 1000
357 1000
356 1000
355 1000
354 1000
353 1000
352 1000
351 1000
350 1000
349 1000
348 1000
347 1000
346 1000
345 1000
344 1000
343 1000
342 1000
341 1000
340 1000
339 1000
338 1000
337 1000
336 1000
335 1000
334 1000
333 1000
332 1000
331 1000
330 1000
329 1000
328 1000
327 1000
326 1000
325 1000
324 1000
323 1000
322 1000
321 1000
320 1000
319 1000
318 1000
317 1000
316 1000
315 1000
314 1000
313 1000
312 1000
311 1000
310 1000
309 1000
308 1000
307 1000
306 1000
305 1000
304 1000
303 1000
302 1000
301 1000
300 1000
299 1000
298 1000
297 1000
296 1000
295 1000
294 1000
293 1000
292 1000
291 1000
290 1000
289 1000
288 1000
287 1000
286 1000
285 1000
284 1000
283 1000
282 1000
281 1000
280 1000
279 1000
278 1000
277 1000
276 1000
275 1000
274 1000
273 1000
272 1000
271 1000
270 1000
269 1000
268 1000
267 1000
266 1000
265 1000
264 1000
263 1000
262 1000
261 1000
260 1000
259 1000
258 1000
257 1000
256 1000
255 1000
254 1000
253 1000
252 1000
251 1000
250 1000
249 1000
248 1000
247 1000
246 1000
245 1000
244 1000
243 1000
242 1000
241 1000
240 1000
239 1000
238 1000
237 1000
236 1000
235 1000
234 1000
233 1000
232 1000
231 1000
230 1000
229 1000
228 1000
227 1000
226 1000
225 1000
224 1000
223 1000
222 1000
221 1000
220 1000
219 1000
218 1000
217 1000
216 1000
215 1000
214 1000
213 1000
212 1000
211 1000
210 1000
209 1000
208 1000
207 1000
206 1000
205 1000
204 1000
203 1000
202 1000
201 1000
200 1000
199 1000
198 1000
197 1000
196 1000
195 1000
194 1000
193 1000
192 1000
191 1000
190 1000
189 1000
188 1000
187 1000
186 1000
185 1000
184 1000
183 1000
182 1000
181 1000
180 1000
179 1000
178 1000
177 1000
176 1000
175 1000
174 1000
173 1000
172 1000
171 1000
170 1000
169 1000
168 1000
167 1000
166 1000
165 1000
164 1000
163 1000
162 1000
161 1000
160 1000
159 1000
158 1000
157 1000
156 1000
155 1000
154 1000
153 1000
152 1000
151 1000
150 1000
149 1000
148 1000
147 1000
146 1000
145 1000
144 1000
143 1000
142 1000
141 1000
140 1000
139 1000
138 1000
137 1000
136 1000
135 1000
134 1000
133 1000
132 1000
131 1000
130 1000
129 1000
128 1000
127 1000
126 1000
125 1000
124 1000
123 1000
122 1000
121 1000
120 1000
119 1000
118 1000
117 1000
116 1000
115 1000
114 1000
113 1000
112 1000
111 1000
110 1000
109 1000
108 1000
107 1000
106 1000
105 1000
104 1000
103 1000
102 1000
101 1000
100 1000
99 1000
98 1000
97 1000
96 1000
95 1000
94 1000
93 1000
92 1000
91 1000
90 1000
89 1000
88 1000
87 1000
86 1000
85 1000
84 1000
83 1000
82 1000
81 1000
80 1000
79 1000
78 1000
77 1000
76 1000
75 1000
74 1000
73 1000
72 1000
71 1000
70 1000
69 1000
68 1000
67 1000
66 1000
65 1000
64 1000
63 1000
62 1000
61 1000
60 1000
59 1000
58 1000
57 1000
56 1000
55 1000
54 1000
53 1000
52 1000
51 1000
50 1000
49 1000
48 1000
47 1000
46 1000
45 1000
44 1000
43 1000
42 1000
41 1000
40 1000
39 1000
38 1000
37 1000
36 1000
35 1000
34 1000
33 1000
32 1000
31 1000
30 1000
29 1000
28 1000
27 1000
26 1000
25 1000
24 1000
23 1000
22 1000
21 1000
20 1000
19 1000
18 1000
17 1000
16 1000
15 1000
14 1000
13 1000
12 1000
11 1000
10 1000
9 1000
8 1000
7 1000
6 1000
5 1000
4 1000
3 1000
2 1000
1 1000
0 1000
111 1000
110 1000
109 1000
108 1000
107 1000
106 1000
105 1000
104 1000
103 1000
102 1000
101 1000
100 1000
99 1000
98 1000
97 1000
96 1000
95 1000
94 1000
93 1000
92 1000
91 1000
90 1000
89 1000
88 1000
87 1000
86 1000
85 1000
84 1000
83 1000
82 1000
81 1000
80 1000
79 1000
78 1000
77 1000
76 1000
75 1000
74 1000
73 1000
72 1000
71 1000
70 1000
69 1000
68 1000
67 1000
66 1000
65 1000
64 1000
63 1000
62 1000
61 1000
60 1000
59 1000
58 1000
57 1000
56 1000
55 1000
54 1000
53 1000
52 1000
51 1000
50 1000
49 1000
48 1000
47 1000
46 1000
45 1000
44 1000
43 1000
42 1000
41 1000
40 1000
39 1000
38 1000
37 1000
36 1000
35 1000
34 1000
33 1000
32 1000
31 1000
30 1000
29 1000
28 1000
27 1000
26 1000
25 1000
24 1000
23 1000
22 1000
21 1000
20 1000
19 1000
18 1000
17 1000
16 1000
15 1000
14 1000
13 1000
12 1000
11 1000
10 1000
9 1000
8 1000
7 1000
6 1000
5 1000
4 1000
3 1000
2 1000
1 1000
0 1000
1000 1000
1000 1000
1000 1000
1000 1000
1000 1000
1000 1000
1000 1000
1000 1000
1000 1000
1000 1000
1000 1000
1000 1000
1000 1000
1000 1000
1000 1000
1000 1000
1000 1000
1000 1000
1000 1000
1000 1000
1000 1000
1000 1000
1000 1000
1000 1000
1000 1000
1000 1000
1000 1000
1000 1000
1000 1000
1000 1000
1000 1000
1000 1000
1000 1000
1000 1000
1000 1000
1000 1000
1000 1000
1000 1000
1000 1000
1000 1000
1000 1000
1000 1000
1000 1000
1000 1000
1000 1000
1000 1000
1000 1000
1000 1000
1000 1000
1000 1000
1000 1000
1000 1000
1000 1000
1000 1000
1000 1000
1000 1000
1000 1000
1000 1000
1000 1000
1000 1000
1000 1000
1000 1000
1000 1000
1000 1000
1000 1000
1000 1000
1000 1000
1000 1000
1000 1000
1000 1000
1000 1000
1000 1000
1000 1000
1000 1000
1000 1000
1000 1000
1000 1000
1000 1000
1000 1000
1000 1000
1000 1000
1000 1000
1000 1000
1000 1000
1000 1000
1000 1000
1000 1000
1000 1000
1000 1000
1000 1000
1000 1000
1000 1000
1000 1000
1000 1000
1000 1000
1000 1000
1000 1000
1000 1000
1000 1000
1000 1000
1000 1000
1000 1000
1000 1000
1000 1000
1000 1000
1000 1000
1000 1000
1000 1000
1000 1000
1000 1000
1000 1000
1000 1000
1000 1000
1000 1000
1000 1000
1000 1000
1000 1000
1000 1000
1000 1000
1000 1000
1000 1000
1000 1000
1000 1000
1000 1000
1000 1000
1000 1000
1000 1000
1000 1000
1000 1000
1000 1000
1000 1000
1000 1000
1000 1000
1000 1000
1000 1000
1000 1000
1000 1000
1000 1000
1000 1000
1000 1000
1000 1000
1000 1000
1000 1000
1000 1000
1000 1000
1000 1000
1000 1000
1000 1000
1000 1000
1000 1000
1000 1000
1000 1000
1000 1000
1000 1000
1000 1000
1000 1000
1000 1000
1000 1000
1000 1000
1000 1000
1000 1000
1000 1000
1000 1000
1000 1000
1000 1000
1000 1000
1000 1000
1000 1000
1000 1000
1000 1000
1000 1000
1000 1000
1000 1000
1000 1000
1000 1000
1000 1000
1000 1000
1000 1000
1000 1000
1000 1000
1000 1000
1000 1000
1000 1000
1000 1000
1000 1000
1000 1000
1000 1000
1000 1000
1000 1000
1000 1000
1000 1000
1000 1000
1000 1000
1000 1000
1000 1000
1000 1000
1000 1000
1000 1000
1000 1000
1000 1000
1000 1000
1000 1000
1000 1000
1000 1000
1000 1000
1000 1000
1000 1000
1000 1000
1000 1000
1000 1000
1000 1000
1000 1000
1000 1000
1000 1000
1000 1000
1000 1000
1000 1000
1000 1000
1000 1000
1000 1000
1000 1000
1000 1000
1000 1000
1000 1000
1000 1000
1000 1000
1000 1000
1000 1000
1000 1000
1000 1000
1000 1000
1000 1000
1000 1000
1000 1000
1000 1000
1000 1000
1000 1000
1000 1000
1000 1000
1000 1000
1000 1000
1000 1000
1000 1000
1000 1000
1000 1000
1000 1000
1000 1000
1000 1000
1000 1000
1000 1000
