2580 1535
2579 1534
2578 1533
2577 1532
2576 1531
2575 1530
2574 1529
2573 1528
2572 1527
2571 1526
2570 1525
2569 1524
2568 1523
2567 1522
2566 1521
2565 1520
2564 1519
2563 1518
2562 1517
2561 1516
2560 1515
2559 1514
2558 1513
2557 1512
2556 1511
2555 1510
2554 1509
2553 1508
2552 1507
2551 1506
2550 1505
2549 1504
2548 1503
2547 1502
2546 1501
2545 1500
2544 1499
2543 1498
2542 1497
2541 1496
2540 1495
2539 1494
2538 1493
2537 1492
2536 1491
2535 1490
2534 1489
2533 1488
2532 1487
2531 1486
2530 1485
2529 1484
2528 1483
2527 1482
2526 1481
2525 1480
2524 1479
2523 1478
2522 1477
2521 1476
2520 1475
2519 1474
2518 1473
2517 1472
2516 1471
2515 1470
2514 1469
2513 1468
2512 1467
2511 1466
2510 1465
2509 1464
2508 1463
2507 1462
2506 1461
2505 1460
2504 1459
2503 1458
2502 1457
2501 1456
2500 1455
2499 1454
2498 1453
2497 1452
2496 1451
2495 1450
2494 1449
2493 1448
2492 1447
2491 1446
2490 1445
2489 1444
2488 1443
2487 1442
2486 1441
2485 1440
2484 1439
2483 1438
2482 1437
2481 1436
2480 1435
2479 1434
2478 1433
2477 1432
2476 1431
2475 1430
2474 1429
2473 1428
2472 1427
2471 1426
2470 1425
2469 1424
2468 1423
2467 1422
2466 1421
2465 1420
2464 1419
2463 1418
2462 1417
2461 1416
2460 1415
2459 1414
2458 1413
2457 1412
2456 1411
2455 1410
2454 1409
2453 1408
2452 1407
2451 1406
2450 1405
2449 1404
2448 1403
2447 1402
2446 1401
2445 1400
2444 1399
2443 1398
2442 1397
2441 1396
2440 1395
2439 1394
2438 1393
2437 1392
2436 1391
2435 1390
2434 1389
2433 1388
2432 1387
2431 1386
2430 1385
2429 1384
2428 1383
2427 1382
2426 1381
2425 1380
2424 1379
2423 1378
2422 1377
2421 1376
2420 1375
2419 1374
2418 1373
2417 1372
2416 1371
2415 1370
2414 1369
2413 1368
2412 1367
2411 1366
2410 1365
2409 1364
2408 1363
2407 1362
2406 1361
2405 1360
2404 1359
2403 1358
2402 1357
2401 1356
2400 1355
2399 1354
2398 1353
2397 1352
2396 1351
2395 1350
2394 1349
2393 1348
2392 1347
2391 1346
2390 1345
2389 1344
2388 1343
2387 1342
2386 1341
2385 1340
2384 1339
2383 1338
2382 1337
2381 1336
2380 1335
2379 1334
2378 1333
2377 1332
2376 1331
2375 1330
2374 1329
2373 1328
2372 1327
2371 1326
2370 1325
2369 1324
2368 1323
2367 1322
2366 1321
2365 1320
2364 1319
2363 1318
2362 1317
2361 1316
2360 1315
2359 1314
2358 1313
2357 1312
2356 1311
2355 1310
2354 1309
2353 1308
2352 1307
2351 1306
2350 1305
2349 1304
2348 1303
2347 1302
2346 1301
2345 1300
2344 1299
2343 1298
2342 1297
2341 1296
2340 1295
2339 1294
2338 1293
2337 1292
2336 1291
2335 1290
2334 1289
2333 1288
2332 1287
2331 1286
2330 1285
2329 1284
2328 1283
2327 1282
2326 1281
2325 1280
2324 1279
2323 1278
2322 1277
2321 1276
2320 1275
2319 1274
2318 1273
2317 1272
2316 1271
2315 1270
2314 1269
2313 1268
2312 1267
2311 1266
2310 1265
2309 1264
2308 1263
2307 1262
2306 1261
2305 1260
2304 1259
2303 1258
2302 1257
2301 1256
2300 1255
2299 1254
2298 1253
2297 1252
2296 1251
2295 1250
2294 1249
2293 1248
2292 1247
2291 1246
2290 1245
2289 1244
2288 1243
2287 1242
2286 1241
2285 1240
2284 1239
2283 1238
2282 1237
2281 1236
2280 1235
2279 1234
2278 1233
2277 1232
2276 1231
2275 1230
2274 1229
2273 1228
2272 1227
2271 1226
2270 1225
2269 1224
2268 1223
2267 1222
2266 1221
2265 1220
2264 1219
2263 1218
2262 1217
2261 1216
2260 1215
2259 1214
2258 1213
2257 1212
2256 1211
2255 1210
2254 1209
2253 1208
2252 1207
2251 1206
2250 1205
2249 1204
2248 1203
2247 1202
2246 1201
2245 1200
2244 1199
2243 1198
2242 1197
2241 1196
2240 1195
2239 1194
2238 1193
2237 1192
2236 1191
2235 1190
2234 1189
2233 1188
2232 1187
2231 1186
2230 1185
2229 1184
2228 1183
2227 1182
2226 1181
2225 1180
2224 1179
2223 1178
2222 1177
2221 1176
2220 1175
2219 1174
2218 1173
2217 1172
2216 1171
2215 1170
2214 1169
2213 1168
2212 1167
2211 1166
2210 1165
2209 1164
2208 1163
2207 1162
2206 1161
2205 1160
2204 1159
2203 1158
2202 1157
2201 1156
2200 1155
2199 1154
2198 1153
2197 1152
2196 1151
2195 1150
2194 1149
2193 1148
2192 1147
2191 1146
2190 1145
2189 1144
2188 1143
2187 1142
2186 1141
2185 1140
2184 1139
2183 1138
2182 1137
2181 1136
2180 1135
2179 1134
2178 1133
2177 1132
2176 1131
2175 1130
2174 1129
2173 1128
2172 1127
2171 1126
2170 1125
2169 1124
2168 1123
2167 1122
2166 1121
2165 1120
2164 1119
2163 1118
2162 1117
2161 1116
2160 1115
2159 1114
2158 1113
2157 1112
2156 1111
2155 1110
2154 1109
2153 1108
2152 1107
2151 1106
2150 1105
2149 1104
2148 1103
2147 1102
2146 1101
2145 1100
2144 1099
2143 1098
2142 1097
2141 1096
2140 1095
2139 1094
2138 1093
2137 1092
2136 1091
2135 1090
2134 1089
2133 1088
2132 1087
2131 1086
2130 1085
2129 1084
2128 1083
2127 1082
2126 1081
2125 1080
2124 1079
2123 1078
2122 1077
2121 1076
2120 1075
2119 1074
2118 1073
2117 1072
2116 1071
2115 1070
2114 1069
2113 1068
2112 1067
2111 1066
2110 1065
2109 1064
2108 1063
2107 1062
2106 1061
2105 1060
2104 1059
2103 1058
2102 1057
2101 1056
2100 1055
2099 1054
2098 1053
2097 1052
2096 1051
2095 1050
2094 1049
2093 1048
2092 1047
2091 1046
2090 1045
2089 1044
2088 1043
2087 1042
2086 1041
2085 1040
2084 1039
2083 1038
2082 1037
2081 1036
2080 1035
2079 1034
2078 1033
2077 1032
2076 1031
2075 1030
2074 1029
2073 1028
2072 1027
2071 1026
2070 1025
2069 1024
2068 1023
2067 1022
2066 1021
2065 1020
2064 1019
2063 1018
2062 1017
2061 1016
2060 1015
2059 1014
2058 1013
2057 1012
2056 1011
2055 1010
2054 1009
2053 1008
2052 1007
2051 1006
2050 1005
2049 1004
2048 1003
2047 1002
2046 1001
2045 1000
2044 999
2043 998
2042 997
2041 996
2040 995
2039 994
2038 993
2037 992
2036 991
2035 990
2034 989
2033 988
2032 987
2031 986
2030 985
2029 984
2028 983
2027 982
2026 981
2025 980
2024 979
2023 978
2022 977
2021 976
2020 975
2019 974
2018 973
2017 972
2016 971
2015 970
2014 969
2013 968
2012 967
2011 966
2010 965
2009 964
2008 963
2007 962
2006 961
2005 960
2004 959
2003 958
2002 957
2001 956
2000 955
1999 954
1998 953
1997 952
1996 951
1995 950
1994 949
1993 948
1992 947
1991 946
1990 945
1989 944
1988 943
1987 942
1986 941
1985 940
1984 939
1983 938
1982 937
1981 936
1980 935
1979 934
1978 933
1977 932
1976 931
1975 930
1974 929
1973 928
1972 927
1971 926
1970 925
1969 924
1968 923
1967 922
1966 921
1965 920
1964 919
1963 918
1962 917
1961 916
1960 915
1959 914
1958 913
1957 912
1956 911
1955 910
1954 909
1953 908
1952 907
1951 906
1950 905
1949 904
1948 903
1947 902
1946 901
1945 900
1944 899
1943 898
1942 897
1941 896
1940 895
1939 894
1938 893
1937 892
1936 891
1935 890
1934 889
1933 888
1932 887
1931 886
1930 885
1929 884
1928 883
1927 882
1926 881
1925 880
1924 879
1923 878
1922 877
1921 876
1920 875
1919 874
1918 873
1917 872
1916 871
1915 870
1914 869
1913 868
1912 867
1911 866
1910 865
1909 864
1908 863
1907 862
1906 861
1905 860
1904 859
1903 858
1902 857
1901 856
1900 855
1899 854
1898 853
1897 852
1896 851
1895 850
1894 849
1893 848
1892 847
1891 846
1890 845
1889 844
1888 843
1887 842
1886 841
1885 840
1884 839
1883 838
1882 837
1881 836
1880 835
1879 834
1878 833
1877 832
1876 831
1875 830
1874 829
1873 828
1872 827
1871 826
1870 825
1869 824
1868 823
1867 822
1866 821
1865 820
1864 819
1863 818
1862 817
1861 816
1860 815
1859 814
1858 813
1857 812
1856 811
1855 810
1854 809
1853 808
1852 807
1851 806
1850 805
1849 804
1848 803
1847 802
1846 801
1845 800
1844 799
1843 798
1842 797
1841 796
1840 795
1839 794
1838 793
1837 792
1836 791
1835 790
1834 789
1833 788
1832 787
1831 786
1830 785
1829 784
1828 783
1827 782
1826 781
1825 780
1824 779
1823 778
1822 777
1821 776
1820 775
1819 774
1818 773
1817 772
1816 771
1815 770
1814 769
1813 768
1812 767
1811 766
1810 765
1809 764
1808 763
1807 762
1806 761
1805 760
1804 759
1803 758
1802 757
1801 756
1800 755
1799 754
1798 753
1797 752
1796 751
1795 750
1794 749
1793 748
1792 747
1791 746
1790 745
1789 744
1788 743
1787 742
1786 741
1785 740
1784 739
1783 738
1782 737
1781 736
1780 735
1779 734
1778 733
1777 732
1776 731
1775 730
1774 729
1773 728
1772 727
1771 726
1770 725
1769 724
1768 723
1767 722
1766 721
1765 720
1764 719
1763 718
1762 717
1761 716
1760 715
1759 714
1758 713
1757 712
1756 711
1755 710
1754 709
1753 708
1752 707
1751 706
1750 705
1749 704
1748 703
1747 702
1746 701
1745 700
1744 699
1743 698
1742 697
1741 696
1740 695
1739 694
1738 693
1737 692
1736 691
1735 690
1734 689
1733 688
1732 687
1731 686
1730 685
1729 684
1728 683
1727 682
1726 681
1725 680
1724 679
1723 678
1722 677
1721 676
1720 675
1719 674
1718 673
1717 672
1716 671
1715 670
1714 669
1713 668
1712 667
1711 666
1710 665
1709 664
1708 663
1707 662
1706 661
1705 660
1704 659
1703 658
1702 657
1701 656
1700 655
1699 654
1698 653
1697 652
1696 651
1695 650
1694 649
1693 648
1692 647
1691 646
1690 645
1689 644
1688 643
1687 642
1686 641
1685 640
1684 639
1683 638
1682 637
1681 636
1680 635
1679 634
1678 633
1677 632
1676 631
1675 630
1674 629
1673 628
1672 627
1671 626
1670 625
1669 624
1668 623
1667 622
1666 621
1665 620
1664 619
1663 618
1662 617
1661 616
1660 615
1659 614
1658 613
1657 612
1656 611
1655 610
1654 609
1653 608
1652 607
1651 606
1650 605
1649 604
1648 603
1647 602
1646 601
1645 600
1644 599
1643 598
1642 597
1641 596
1640 595
1639 594
1638 593
1637 592
1636 591
1635 590
1634 589
1633 588
1632 587
1631 586
1630 585
1629 584
1628 583
1627 582
1626 581
1625 580
1624 579
1623 578
1622 577
1621 576
1620 575
1619 574
1618 573
1617 572
1616 571
1615 570
1614 569
1613 568
1612 567
1611 566
1610 565
1609 564
1608 563
1607 562
1606 561
1605 560
1604 559
1603 558
1602 557
1601 556
1600 555
1599 554
1598 553
1597 552
1596 551
1595 550
1594 549
1593 548
1592 547
1591 546
1590 545
1589 544
1588 543
1587 542
1586 541
1585 540
1584 539
1583 538
1582 537
1581 536
1580 535
1579 534
1578 533
1577 532
1576 531
1575 530
1574 529
1573 528
1572 527
1571 526
1570 525
1569 524
1568 523
1567 522
1566 521
1565 520
1564 519
1563 518
1562 517
1561 516
1560 515
1559 514
1558 513
1557 512
1556 511
1555 510
1554 509
1553 508
1552 507
1551 506
1550 505
1549 504
1548 503
1547 502
1546 501
1545 500
1544 499
1543 498
1542 497
1541 496
1540 495
1539 494
1538 493
1537 492
1536 491
1535 490
1534 489
1533 488
1532 487
1531 486
1530 485
1529 484
1528 483
1527 482
1526 481
1525 480
1524 479
1523 478
1522 477
1521 476
1520 475
1519 474
1518 473
1517 472
1516 471
1515 470
1514 469
1513 468
1512 467
1511 466
1510 465
1509 464
1508 463
1507 462
1506 461
1505 460
1504 459
1503 458
1502 457
1501 456
1500 455
1499 454
1498 453
1497 452
1496 451
1495 450
1494 449
1493 448
1492 447
1491 446
1490 445
1489 444
1488 443
1487 442
1486 441
1485 440
1484 439
1483 438
1482 437
1481 436
1480 435
1479 434
1478 433
1477 432
1476 431
1475 430
1474 429
1473 428
1472 427
1471 426
1470 425
1469 424
1468 423
1467 422
1466 421
1465 420
1464 419
1463 418
1462 417
1461 416
1460 415
1459 414
1458 413
1457 412
1456 411
1455 410
1454 409
1453 408
1452 407
1451 406
1450 405
1449 404
1448 403
1447 402
1446 401
1445 400
1444 399
1443 398
1442 397
1441 396
1440 395
1439 394
1438 393
1437 392
1436 391
1435 390
1434 389
1433 388
1432 387
1431 386
1430 385
1429 384
1428 383
1427 382
1426 381
1425 380
1424 379
1423 378
1422 377
1421 376
1420 375
1419 374
1418 373
1417 372
1416 371
1415 370
1414 369
1413 368
1412 367
1411 366
1410 365
1409 364
1408 363
1407 362
1406 361
1405 360
1404 359
1403 358
1402 357
1401 356
1400 355
1399 354
1398 353
1397 352
1396 351
1395 350
1394 349
1393 348
1392 347
1391 346
1390 345
1389 344
1388 343
1387 342
1386 341
1385 340
1384 339
1383 338
1382 337
1381 336
1380 335
1379 334
1378 333
1377 332
1376 331
1375 330
1374 329
1373 328
1372 327
1371 326
1370 325
1369 324
1368 323
1367 322
1366 321
1365 320
1364 319
1363 318
1362 317
1361 316
1360 315
1359 314
1358 313
1357 312
1356 311
1355 310
1354 309
1353 308
1352 307
1351 306
1350 305
1349 304
1348 303
1347 302
1346 301
1345 300
1344 299
1343 298
1342 297
1341 296
1340 295
1339 294
1338 293
1337 292
1336 291
1335 290
1334 289
1333 288
1332 287
1331 286
1330 285
1329 284
1328 283
1327 282
1326 281
1325 280
1324 279
1323 278
1322 277
1321 276
1320 275
1319 274
1318 273
1317 272
1316 271
1315 270
1314 269
1313 268
1312 267
1311 266
1310 265
1309 264
1308 263
1307 262
1306 261
1305 260
1304 259
1303 258
1302 257
1301 256
1300 255
1299 254
1298 253
1297 252
1296 251
1295 250
1294 249
1293 248
1292 247
1291 246
1290 245
1289 244
1288 243
1287 242
1286 241
1285 240
1284 239
1283 238
1282 237
1281 236
1280 235
1279 234
1278 233
1277 232
1276 231
1275 230
1274 229
1273 228
1272 227
1271 226
1270 225
1269 224
1268 223
1267 222
1266 221
1265 220
1264 219
1263 218
1262 217
1261 216
1260 215
1259 214
1258 213
1257 212
1256 211
1255 210
1254 209
1253 208
1252 207
1251 206
1250 205
1249 204
1248 203
1247 202
1246 201
1245 200
1244 199
1243 198
1242 197
1241 196
1240 195
1239 194
1238 193
1237 192
1236 191
1235 190
1234 189
1233 188
1232 187
1231 186
1230 185
1229 184
1228 183
1227 182
1226 181
1225 180
1224 179
1223 178
1222 177
1221 176
1220 175
1219 174
1218 173
1217 172
1216 171
1215 170
1214 169
1213 168
1212 167
1211 166
1210 165
1209 164
1208 163
1207 162
1206 161
1205 160
1204 159
1203 158
1202 157
1201 156
1200 155
1199 154
1198 153
1197 152
1196 151
1195 150
1194 149
1193 148
1192 147
1191 146
1190 145
1189 144
1188 143
1187 142
1186 141
1185 140
1184 139
1183 138
1182 137
1181 136
1180 135
1179 134
1178 133
1177 132
1176 131
1175 130
1174 129
1173 128
1172 127
1171 126
1170 125
1169 124
1168 123
1167 122
1166 121
1165 120
1164 119
1163 118
1162 117
1161 116
1160 115
1159 114
1158 113
1157 112
1156 111
1155 110
1154 109
1153 108
1152 107
1151 106
1150 105
1149 104
1148 103
1147 102
1146 101
1145 100
1144 99
1143 98
1142 97
1141 96
1140 95
1139 94
1138 93
1137 92
1136 91
1135 90
1134 89
1133 88
1132 87
1131 86
1130 85
1129 84
1128 83
1127 82
1126 81
1125 80
1124 79
1123 78
1122 77
1121 76
1120 75
1119 74
1118 73
1117 72
1116 71
1115 70
1114 69
1113 68
1112 67
1111 66
1110 65
1109 64
1108 63
1107 62
1106 61
1105 60
1104 59
1103 58
1102 57
1101 56
1100 55
1099 54
1098 53
1097 52
1096 51
1095 50
1094 49
1093 48
1092 47
1091 46
1090 45
1089 44
1088 43
1087 42
1086 41
1085 40
1084 39
1083 38
1082 37
1081 36
1080 35
1079 34
1078 33
1077 32
1076 31
1075 30
1074 29
1073 28
1072 27
1071 26
1070 25
1069 24
1068 23
1067 22
1066 21
1065 20
1064 19
1063 18
1062 17
1061 16
1060 15
1059 14
1058 13
1057 12
1056 11
1055 10
1054 9
1053 8
1052 7
1051 6
1050 5
1049 4
1048 3
1047 2
1046 1
1045 0
1044 1246
1043 1245
1042 1244
1041 1243
1040 1242
1039 1241
1038 1240
1037 1239
1036 1238
1035 1237
1034 1236
1033 1235
1032 1234
1031 1233
1030 1232
1029 1231
1028 1230
1027 1229
1026 1228
1025 1227
1024 1226
1023 1225
1022 1224
1021 1223
1020 1222
1019 1221
1018 1220
1017 1219
1016 1218
1015 1217
1014 1216
1013 1215
1012 1214
1011 1213
1010 1212
1009 1211
1008 1210
1007 1209
1006 1208
1005 1207
1004 1206
1003 1205
1002 1204
1001 1203
1000 1202
999 1201
998 1200
997 1199
996 1198
995 1197
994 1196
993 1195
992 1194
991 1193
990 1192
989 1191
988 1190
987 1189
986 1188
985 1187
984 1186
983 1185
982 1184
981 1183
980 1182
979 1181
978 1180
977 1179
976 1178
975 1177
974 1176
973 1175
972 1174
971 1173
970 1172
969 1171
968 1170
967 1169
966 1168
965 1167
964 1166
963 1165
962 1164
961 1163
960 1162
959 1161
958 1160
957 1159
956 1158
955 1157
954 1156
953 1155
952 1154
951 1153
950 1152
949 1151
948 1150
947 1149
946 1148
945 1147
944 1146
943 1145
942 1144
941 1143
940 1142
939 1141
938 1140
937 1139
936 1138
935 1137
934 1136
933 1135
932 1134
931 1133
930 1132
929 1131
928 1130
927 1129
926 1128
925 1127
924 1126
923 1125
922 1124
921 1123
920 1122
919 1121
918 1120
917 1119
916 1118
915 1117
914 1116
913 1115
912 1114
911 1113
910 1112
909 1111
908 1110
907 1109
906 1108
905 1107
904 1106
903 1105
902 1104
901 1103
900 1102
899 1101
898 1100
897 1099
896 1098
895 1097
894 1096
893 1095
892 1094
891 1093
890 1092
889 1091
888 1090
887 1089
886 1088
885 1087
884 1086
883 1085
882 1084
881 1083
880 1082
879 1081
878 1080
877 1079
876 1078
875 1077
874 1076
873 1075
872 1074
871 1073
870 1072
869 1071
868 1070
867 1069
866 1068
865 1067
864 1066
863 1065
862 1064
861 1063
860 1062
859 1061
858 1060
857 1059
856 1058
855 1057
854 1056
853 1055
852 1054
851 1053
850 1052
849 1051
848 1050
847 1049
846 1048
845 1047
844 1046
843 1045
842 1044
841 1043
840 1042
839 1041
838 1040
837 1039
836 1038
835 1037
834 1036
833 1035
832 1034
831 1033
830 1032
829 1031
828 1030
827 1029
826 1028
825 1027
824 1026
823 1025
822 1024
821 1023
820 1022
819 1021
818 1020
817 1019
816 1018
815 1017
814 1016
813 1015
812 1014
811 1013
810 1012
809 1011
808 1010
807 1009
806 1008
805 1007
804 1006
803 1005
802 1004
801 1003
800 1002
799 1001
798 1000
797 999
796 998
795 997
794 996
793 995
792 994
791 993
790 992
789 991
788 990
787 989
786 988
785 987
784 986
783 985
782 984
781 983
780 982
779 981
778 980
777 979
776 978
775 977
774 976
773 975
772 974
771 973
770 972
769 971
768 970
767 969
766 968
765 967
764 966
763 965
762 964
761 963
760 962
759 961
758 960
757 959
756 958
755 957
754 956
753 955
752 954
751 953
750 952
749 951
748 950
747 949
746 948
745 947
744 946
743 945
742 944
741 943
740 942
739 941
738 940
737 939
736 938
735 937
734 936
733 935
732 934
731 933
730 932
729 931
728 930
727 929
726 928
725 927
724 926
723 925
722 924
721 923
720 922
719 921
718 920
717 919
716 918
715 917
714 916
713 915
712 914
711 913
710 912
709 911
708 910
707 909
706 908
705 907
704 906
703 905
702 904
701 903
700 902
699 901
698 900
697 899
696 898
695 897
694 896
693 895
692 894
691 893
690 892
689 891
688 890
687 889
686 888
685 887
684 886
683 885
682 884
681 883
680 882
679 881
678 880
677 879
676 878
675 877
674 876
673 875
672 874
671 873
670 872
669 871
668 870
667 869
666 868
665 867
664 866
663 865
662 864
661 863
660 862
659 861
658 860
657 859
656 858
655 857
654 856
653 855
652 854
651 853
650 852
649 851
648 850
647 849
646 848
645 847
644 846
643 845
642 844
641 843
640 842
639 841
638 840
637 839
636 838
635 837
634 836
633 835
632 834
631 833
630 832
629 831
628 830
627 829
626 828
625 827
624 826
623 825
622 824
621 823
620 822
619 821
618 820
617 819
616 818
615 817
614 816
613 815
612 814
611 813
610 812
609 811
608 810
607 809
606 808
605 807
604 806
603 805
602 804
601 803
600 802
599 801
598 800
597 799
596 798
595 797
594 796
593 795
592 794
591 793
590 792
589 791
588 790
587 789
586 788
585 787
584 786
583 785
582 784
581 783
580 782
579 781
578 780
577 779
576 778
575 777
574 776
573 775
572 774
571 773
570 772
569 771
568 770
567 769
566 768
565 767
564 766
563 765
562 764
561 763
560 762
559 761
558 760
557 759
556 758
555 757
554 756
553 755
552 754
551 753
550 752
549 751
548 750
547 749
546 748
545 747
544 746
543 745
542 744
541 743
540 742
539 741
538 740
537 739
536 738
535 737
534 736
533 735
532 734
531 733
530 732
529 731
528 730
527 729
526 728
525 727
524 726
523 725
522 724
521 723
520 722
519 721
518 720
517 719
516 718
515 717
514 716
513 715
512 714
511 713
510 712
509 711
508 710
507 709
506 708
505 707
504 706
503 705
502 704
501 703
500 702
499 701
498 700
497 699
496 698
495 697
494 696
493 695
492 694
491 693
490 692
489 691
488 690
487 689
486 688
485 687
484 686
483 685
482 684
481 683
480 682
479 681
478 680
477 679
476 678
475 677
474 676
473 675
472 674
471 673
470 672
469 671
468 670
467 669
466 668
465 667
464 666
463 665
462 664
461 663
460 662
459 661
458 660
457 659
456 658
455 657
454 656
453 655
452 654
451 653
450 652
449 651
448 650
447 649
446 648
445 647
444 646
443 645
442 644
441 643
440 642
439 641
438 640
437 639
436 638
435 637
434 636
433 635
432 634
431 633
430 632
429 631
428 630
427 629
426 628
425 627
424 626
423 625
422 624
421 623
420 622
419 621
418 620
417 619
416 618
415 617
414 616
413 615
412 614
411 613
410 612
409 611
408 610
407 609
406 608
405 607
404 606
403 605
402 604
401 603
400 602
399 601
398 600
397 599
396 598
395 597
394 596
393 595
392 594
391 593
390 592
389 591
388 590
387 589
386 588
385 587
384 586
383 585
382 584
381 583
380 582
379 581
378 580
377 579
376 578
375 577
374 576
373 575
372 574
371 573
370 572
369 571
368 570
367 569
366 568
365 567
364 566
363 565
362 564
361 563
360 562
359 561
358 560
357 559
356 558
355 557
354 556
353 555
352 554
351 553
350 552
349 551
348 550
347 549
346 548
345 547
344 546
343 545
342 544
341 543
340 542
339 541
338 540
337 539
336 538
335 537
334 536
333 535
332 534
331 533
330 532
329 531
328 530
327 529
326 528
325 527
324 526
323 525
322 524
321 523
320 522
319 521
318 520
317 519
316 518
315 517
314 516
313 515
312 514
311 513
310 512
309 511
308 510
307 509
306 508
305 507
304 506
303 505
302 504
301 503
300 502
299 501
298 500
297 499
296 498
295 497
294 496
293 495
292 494
291 493
290 492
289 491
288 490
287 489
286 488
285 487
284 486
283 485
282 484
281 483
280 482
279 481
278 480
277 479
276 478
275 477
274 476
273 475
272 474
271 473
270 472
269 471
268 470
267 469
266 468
265 467
264 466
263 465
262 464
261 463
260 462
259 461
258 460
257 459
256 458
255 457
254 456
253 455
252 454
251 453
250 452
249 451
248 450
247 449
246 448
245 447
244 446
243 445
242 444
241 443
240 442
239 441
238 440
237 439
236 438
235 437
234 436
233 435
232 434
231 433
230 432
229 431
228 430
227 429
226 428
225 427
224 426
223 425
222 424
221 423
220 422
219 421
218 420
217 419
216 418
215 417
214 416
213 415
212 414
211 413
210 412
209 411
208 410
207 409
206 408
205 407
204 406
203 405
202 404
201 403
200 402
199 401
198 400
197 399
196 398
195 397
194 396
193 395
192 394
191 393
190 392
189 391
188 390
187 389
186 388
185 387
184 386
183 385
182 384
181 383
180 382
179 381
178 380
177 379
176 378
175 377
174 376
173 375
172 374
171 373
170 372
169 371
168 370
167 369
166 368
165 367
164 366
163 365
162 364
161 363
160 362
159 361
158 360
157 359
156 358
155 357
154 356
153 355
152 354
151 353
150 352
149 351
148 350
147 349
146 348
145 347
144 346
143 345
142 344
141 343
140 342
139 341
138 340
137 339
136 338
135 337
134 336
133 335
132 334
131 333
130 332
129 331
128 330
127 329
126 328
125 327
124 326
123 325
122 324
121 323
120 322
119 321
118 320
117 319
116 318
115 317
114 316
113 315
112 314
111 313
110 312
109 311
108 310
107 309
106 308
105 307
104 306
103 305
102 304
101 303
100 302
99 301
98 300
97 299
96 298
95 297
94 296
93 295
92 294
91 293
90 292
89 291
88 290
87 289
86 288
85 287
84 286
83 285
82 284
81 283
80 282
79 281
78 280
77 279
76 278
75 277
74 276
73 275
72 274
71 273
70 272
69 271
68 270
67 269
66 268
65 267
64 266
63 265
62 264
61 263
60 262
59 261
58 260
57 259
56 258
55 257
54 256
53 255
52 254
51 253
50 252
49 251
48 250
47 249
46 248
45 247
44 246
43 245
42 244
41 243
40 242
39 241
38 240
37 239
36 238
35 237
34 236
33 235
32 234
31 233
30 232
29 231
28 230
27 229
26 228
25 227
24 226
23 225
22 224
21 223
20 222
19 221
18 220
17 219
16 218
15 217
14 216
13 215
12 214
11 213
10 212
9 211
8 210
7 209
6 208
5 207
4 206
3 205
2 204
1 203
0 202
1000 201
1000 200
1000 199
1000 198
1000 197
1000 196
1000 195
1000 194
1000 193
1000 192
1000 191
1000 190
1000 189
1000 188
1000 187
1000 186
1000 185
1000 184
1000 183
1000 182
1000 181
1000 180
1000 179
1000 178
1000 177
1000 176
1000 175
1000 174
1000 173
1000 172
1000 171
1000 170
1000 169
1000 168
1000 167
1000 166
1000 165
1000 164
1000 163
1000 162
1000 161
1000 160
1000 159
1000 158
1000 157
1000 156
1000 155
1000 154
1000 153
1000 152
1000 151
1000 150
1000 149
1000 148
1000 147
1000 146
1000 145
1000 144
1000 143
1000 142
1000 141
1000 140
1000 139
1000 138
1000 137
1000 136
1000 135
1000 134
1000 133
1000 132
1000 131
1000 130
1000 129
1000 128
1000 127
1000 126
1000 125
1000 124
1000 123
1000 122
1000 121
1000 120
1000 119
1000 118
1000 117
1000 116
1000 115
1000 114
1000 113
1000 112
1000 111
1000 110
1000 109
1000 108
1000 107
1000 106
1000 105
1000 104
1000 103
1000 102
1000 101
1000 100
1000 99
1000 98
1000 97
1000 96
1000 95
1000 94
1000 93
1000 92
1000 91
1000 90
1000 89
1000 88
1000 87
1000 86
1000 85
1000 84
1000 83
1000 82
1000 81
1000 80
1000 79
1000 78
1000 77
1000 76
1000 75
1000 74
1000 73
1000 72
1000 71
1000 70
1000 69
1000 68
1000 67
1000 66
1000 65
1000 64
1000 63
1000 62
1000 61
1000 60
1000 59
1000 58
1000 57
1000 56
1000 55
1000 54
1000 53
1000 52
1000 51
1000 50
1000 49
1000 48
1000 47
1000 46
1000 45
1000 44
1000 43
1000 42
1000 41
1000 40
1000 39
1000 38
1000 37
1000 36
1000 35
1000 34
1000 33
1000 32
1000 31
1000 30
1000 29
1000 28
1000 27
1000 26
1000 25
1000 24
1000 23
1000 22
1000 21
1000 20
1000 19
1000 18
1000 17
1000 16
1000 15
1000 14
1000 13
1000 12
1000 11
1000 10
1000 9
1000 8
1000 7
1000 6
1000 5
1000 4
1000 3
1000 2
1000 1
1000 0
1000 1000
1000 1000
1000 1000
1000 1000
1000 1000
1000 1000
1000 1000
1000 1000
1000 1000
1000 1000
1000 1000
1000 1000
1000 1000
1000 1000
1000 1000
1000 1000
1000 1000
1000 1000
1000 1000
1000 1000
1000 1000
1000 1000
1000 1000
1000 1000
1000 1000
1000 1000
1000 1000
1000 1000
1000 1000
1000 1000
1000 1000
1000 1000
1000 1000
1000 1000
1000 1000
1000 1000
1000 1000
1000 1000
1000 1000
1000 1000
1000 1000
1000 1000
1000 1000
1000 1000
1000 1000
1000 1000
1000 1000
1000 1000
1000 1000
1000 1000
1000 1000
1000 1000
1000 1000
1000 1000
1000 1000
1000 1000
1000 1000
1000 1000
1000 1000
1000 1000
1000 1000
1000 1000
1000 1000
1000 1000
1000 1000
1000 1000
1000 1000
1000 1000
1000 1000
1000 1000
1000 1000
1000 1000
1000 1000
1000 1000
1000 1000
1000 1000
1000 1000
1000 1000
1000 1000
1000 1000
1000 1000
1000 1000
1000 1000
1000 1000
1000 1000
1000 1000
1000 1000
1000 1000
1000 1000
1000 1000
1000 1000
1000 1000
1000 1000
1000 1000
1000 1000
1000 1000
1000 1000
1000 1000
1000 1000
1000 1000
1000 1000
1000 1000
1000 1000
1000 1000
1000 1000
1000 1000
1000 1000
1000 1000
1000 1000
1000 1000
1000 1000
1000 1000
1000 1000
1000 1000
1000 1000
1000 1000
1000 1000
1000 1000
1000 1000
1000 1000
1000 1000
1000 1000
1000 1000
1000 1000
1000 1000
1000 1000
1000 1000
1000 1000
1000 1000
1000 1000
1000 1000
1000 1000
1000 1000
1000 1000
1000 1000
1000 1000
1000 1000
1000 1000
1000 1000
1000 1000
1000 1000
1000 1000
1000 1000
1000 1000
1000 1000
1000 1000
1000 1000
1000 1000
1000 1000
1000 1000
1000 1000
1000 1000
1000 1000
1000 1000
1000 1000
1000 1000
1000 1000
1000 1000
1000 1000
1000 1000
1000 1000
1000 1000
1000 1000
1000 1000
1000 1000
1000 1000
1000 1000
1000 1000
1000 1000
1000 1000
1000 1000
1000 1000
1000 1000
1000 1000
1000 1000
1000 1000
1000 1000
1000 1000
1000 1000
1000 1000
1000 1000
1000 1000
1000 1000
1000 1000
1000 1000
1000 1000
1000 1000
1000 1000
1000 1000
1000 1000
1000 1000
1000 1000
1000 1000
1000 1000
1000 1000
1000 1000
1000 1000
1000 1000
1000 1000
1000 1000
1000 1000
1000 1000
1000 1000
1000 1000
1000 1000
1000 1000
1000 1000
1000 1000
1000 1000
1000 1000
1000 1000
1000 1000
1000 1000
1000 1000
1000 1000
1000 1000
1000 1000
1000 1000
1000 1000
1000 1000
1000 1000
1000 1000
1000 1000
1000 1000
1000 1000
1000 1000
1000 1000
1000 1000
1000 1000
1000 1000
1000 1000
1000 1000
1000 1000
1000 1000
1000 1000
1000 1000
1000 1000
1000 1000
1000 1000
1000 1000
1000 1000
1000 1000
1000 1000
1000 1000
1000 1000
1000 1000
1000 1000
1000 1000
1000 1000
1000 1000
1000 1000
1000 1000
1000 1000
1000 1000
1000 1000
1000 1000
1000 1000
1000 1000
1000 1000
1000 1000
1000 1000
1000 1000
1000 1000
1000 1000
1000 1000
1000 1000
1000 1000
1000 1000
1000 1000
1000 1000
1000 1000
1000 1000
1000 1000
1000 1000
1000 1000
1000 1000
1000 1000
1000 1000
1000 1000
1000 1000
1000 1000
1000 1000
1000 1000
1000 1000
1000 1000
1000 1000
1000 1000
1000 1000
1000 1000
