1182 1295
1181 1294
1180 1293
1179 1292
1178 1291
1177 1290
1176 1289
1175 1288
1174 1287
1173 1286
1172 1285
1171 1284
1170 1283
1169 1282
1168 1281
1167 1280
1166 1279
1165 1278
1164 1277
1163 1276
1162 1275
1161 1274
1160 1273
1159 1272
1158 1271
1157 1270
1156 1269
1155 1268
1154 1267
1153 1266
1152 1265
1151 1264
1150 1263
1149 1262
1148 1261
1147 1260
1146 1259
1145 1258
1144 1257
1143 1256
1142 1255
1141 1254
1140 1253
1139 1252
1138 1251
1137 1250
1136 1249
1135 1248
1134 1247
1133 1246
1132 1245
1131 1244
1130 1243
1129 1242
1128 1241
1127 1240
1126 1239
1125 1238
1124 1237
1123 1236
1122 1235
1121 1234
1120 1233
1119 1232
1118 1231
1117 1230
1116 1229
1115 1228
1114 1227
1113 1226
1112 1225
1111 1224
1110 1223
1109 1222
1108 1221
1107 1220
1106 1219
1105 1218
1104 1217
1103 1216
1102 1215
1101 1214
1100 1213
1099 1212
1098 1211
1097 1210
1096 1209
1095 1208
1094 1207
1093 1206
1092 1205
1091 1204
1090 1203
1089 1202
1088 1201
1087 1200
1086 1199
1085 1198
1084 1197
1083 1196
1082 1195
1081 1194
1080 1193
1079 1192
1078 1191
1077 1190
1076 1189
1075 1188
1074 1187
1073 1186
1072 1185
1071 1184
1070 1183
1069 1182
1068 1181
1067 1180
1066 1179
1065 1178
1064 1177
1063 1176
1062 1175
1061 1174
1060 1173
1059 1172
1058 1171
1057 1170
1056 1169
1055 1168
1054 1167
1053 1166
1052 1165
1051 1164
1050 1163
1049 1162
1048 1161
1047 1160
1046 1159
1045 1158
1044 1157
1043 1156
1042 1155
1041 1154
1040 1153
1039 1152
1038 1151
1037 1150
1036 1149
1035 1148
1034 1147
1033 1146
1032 1145
1031 1144
1030 1143
1029 1142
1028 1141
1027 1140
1026 1139
1025 1138
1024 1137
1023 1136
1022 1135
1021 1134
1020 1133
1019 1132
1018 1131
1017 1130
1016 1129
1015 1128
1014 1127
1013 1126
1012 1125
1011 1124
1010 1123
1009 1122
1008 1121
1007 1120
1006 1119
1005 1118
1004 1117
1003 1116
1002 1115
1001 1114
1000 1113
999 1112
998 1111
997 1110
996 1109
995 1108
994 1107
993 1106
992 1105
991 1104
990 1103
989 1102
988 1101
987 1100
986 1099
985 1098
984 1097
983 1096
982 1095
981 1094
980 1093
979 1092
978 1091
977 1090
976 1089
975 1088
974 1087
973 1086
972 1085
971 1084
970 1083
969 1082
968 1081
967 1080
966 1079
965 1078
964 1077
963 1076
962 1075
961 1074
960 1073
959 1072
958 1071
957 1070
956 1069
955 1068
954 1067
953 1066
952 1065
951 1064
950 1063
949 1062
948 1061
947 1060
946 1059
945 1058
944 1057
943 1056
942 1055
941 1054
940 1053
939 1052
938 1051
937 1050
936 1049
935 1048
934 1047
933 1046
932 1045
931 1044
930 1043
929 1042
928 1041
927 1040
926 1039
925 1038
924 1037
923 1036
922 1035
921 1034
920 1033
919 1032
918 1031
917 1030
916 1029
915 1028
914 1027
913 1026
912 1025
911 1024
910 1023
909 1022
908 1021
907 1020
906 1019
905 1018
904 1017
903 1016
902 1015
901 1014
900 1013
899 1012
898 1011
897 1010
896 1009
895 1008
894 1007
893 1006
892 1005
891 1004
890 1003
889 1002
888 1001
887 1000
886 999
885 998
884 997
883 996
882 995
881 994
880 993
879 992
878 991
877 990
876 989
875 988
874 987
873 986
872 985
871 984
870 983
869 982
868 981
867 980
866 979
865 978
864 977
863 976
862 975
861 974
860 973
859 972
858 971
857 970
856 969
855 968
854 967
853 966
852 965
851 964
850 963
849 962
848 961
847 960
846 959
845 958
844 957
843 956
842 955
841 954
840 953
839 952
838 951
837 950
836 949
835 948
834 947
833 946
832 945
831 944
830 943
829 942
828 941
827 940
826 939
825 938
824 937
823 936
822 935
821 934
820 933
819 932
818 931
817 930
816 929
815 928
814 927
813 926
812 925
811 924
810 923
809 922
808 921
807 920
806 919
805 918
804 917
803 916
802 915
801 914
800 913
799 912
798 911
797 910
796 909
795 908
794 907
793 906
792 905
791 904
790 903
789 902
788 901
787 900
786 899
785 898
784 897
783 896
782 895
781 894
780 893
779 892
778 891
777 890
776 889
775 888
774 887
773 886
772 885
771 884
770 883
769 882
768 881
767 880
766 879
765 878
764 877
763 876
762 875
761 874
760 873
759 872
758 871
757 870
756 869
755 868
754 867
753 866
752 865
751 864
750 863
749 862
748 861
747 860
746 859
745 858
744 857
743 856
742 855
741 854
740 853
739 852
738 851
737 850
736 849
735 848
734 847
733 846
732 845
731 844
730 843
729 842
728 841
727 840
726 839
725 838
724 837
723 836
722 835
721 834
720 833
719 832
718 831
717 830
716 829
715 828
714 827
713 826
712 825
711 824
710 823
709 822
708 821
707 820
706 819
705 818
704 817
703 816
702 815
701 814
700 813
699 812
698 811
697 810
696 809
695 808
694 807
693 806
692 805
691 804
690 803
689 802
688 801
687 800
686 799
685 798
684 797
683 796
682 795
681 794
680 793
679 792
678 791
677 790
676 789
675 788
674 787
673 786
672 785
671 784
670 783
669 782
668 781
667 780
666 779
665 778
664 777
663 776
662 775
661 774
660 773
659 772
658 771
657 770
656 769
655 768
654 767
653 766
652 765
651 764
650 763
649 762
648 761
647 760
646 759
645 758
644 757
643 756
642 755
641 754
640 753
639 752
638 751
637 750
636 749
635 748
634 747
633 746
632 745
631 744
630 743
629 742
628 741
627 740
626 739
625 738
624 737
623 736
622 735
621 734
620 733
619 732
618 731
617 730
616 729
615 728
614 727
613 726
612 725
611 724
610 723
609 722
608 721
607 720
606 719
605 718
604 717
603 716
602 715
601 714
600 713
599 712
598 711
597 710
596 709
595 708
594 707
593 706
592 705
591 704
590 703
589 702
588 701
587 700
586 699
585 698
584 697
583 696
582 695
581 694
580 693
579 692
578 691
577 690
576 689
575 688
574 687
573 686
572 685
571 684
570 683
569 682
568 681
567 680
566 679
565 678
564 677
563 676
562 675
561 674
560 673
559 672
558 671
557 670
556 669
555 668
554 667
553 666
552 665
551 664
550 663
549 662
548 661
547 660
546 659
545 658
544 657
543 656
542 655
541 654
540 653
539 652
538 651
537 650
536 649
535 648
534 647
533 646
532 645
531 644
530 643
529 642
528 641
527 640
526 639
525 638
524 637
523 636
522 635
521 634
520 633
519 632
518 631
517 630
516 629
515 628
514 627
513 626
512 625
511 624
510 623
509 622
508 621
507 620
506 619
505 618
504 617
503 616
502 615
501 614
500 613
499 612
498 611
497 610
496 609
495 608
494 607
493 606
492 605
491 604
490 603
489 602
488 601
487 600
486 599
485 598
484 597
483 596
482 595
481 594
480 593
479 592
478 591
477 590
476 589
475 588
474 587
473 586
472 585
471 584
470 583
469 582
468 581
467 580
466 579
465 578
464 577
463 576
462 575
461 574
460 573
459 572
458 571
457 570
456 569
455 568
454 567
453 566
452 565
451 564
450 563
449 562
448 561
447 560
446 559
445 558
444 557
443 556
442 555
441 554
440 553
439 552
438 551
437 550
436 549
435 548
434 547
433 546
432 545
431 544
430 543
429 542
428 541
427 540
426 539
425 538
424 537
423 536
422 535
421 534
420 533
419 532
418 531
417 530
416 529
415 528
414 527
413 526
412 525
411 524
410 523
409 522
408 521
407 520
406 519
405 518
404 517
403 516
402 515
401 514
400 513
399 512
398 511
397 510
396 509
395 508
394 507
393 506
392 505
391 504
390 503
389 502
388 501
387 500
386 499
385 498
384 497
383 496
382 495
381 494
380 493
379 492
378 491
377 490
376 489
375 488
374 487
373 486
372 485
371 484
370 483
369 482
368 481
367 480
366 479
365 478
364 477
363 476
362 475
361 474
360 473
359 472
358 471
357 470
356 469
355 468
354 467
353 466
352 465
351 464
350 463
349 462
348 461
347 460
346 459
345 458
344 457
343 456
342 455
341 454
340 453
339 452
338 451
337 450
336 449
335 448
334 447
333 446
332 445
331 444
330 443
329 442
328 441
327 440
326 439
325 438
324 437
323 436
322 435
321 434
320 433
319 432
318 431
317 430
316 429
315 428
314 427
313 426
312 425
311 424
310 423
309 422
308 421
307 420
306 419
305 418
304 417
303 416
302 415
301 414
300 413
299 412
298 411
297 410
296 409
295 408
294 407
293 406
292 405
291 404
290 403
289 402
288 401
287 400
286 399
285 398
284 397
283 396
282 395
281 394
280 393
279 392
278 391
277 390
276 389
275 388
274 387
273 386
272 385
271 384
270 383
269 382
268 381
267 380
266 379
265 378
264 377
263 376
262 375
261 374
260 373
259 372
258 371
257 370
256 369
255 368
254 367
253 366
252 365
251 364
250 363
249 362
248 361
247 360
246 359
245 358
244 357
243 356
242 355
241 354
240 353
239 352
238 351
237 350
236 349
235 348
234 347
233 346
232 345
231 344
230 343
229 342
228 341
227 340
226 339
225 338
224 337
223 336
222 335
221 334
220 333
219 332
218 331
217 330
216 329
215 328
214 327
213 326
212 325
211 324
210 323
209 322
208 321
207 320
206 319
205 318
204 317
203 316
202 315
201 314
200 313
199 312
198 311
197 310
196 309
195 308
194 307
193 306
192 305
191 304
190 303
189 302
188 301
187 300
186 299
185 298
184 297
183 296
182 295
181 294
180 293
179 292
178 291
177 290
176 289
175 288
174 287
173 286
172 285
171 284
170 283
169 282
168 281
167 280
166 279
165 278
164 277
163 276
162 275
161 274
160 273
159 272
158 271
157 270
156 269
155 268
154 267
153 266
152 265
151 264
150 263
149 262
148 261
147 260
146 259
145 258
144 257
143 256
142 255
141 254
140 253
139 252
138 251
137 250
136 249
135 248
134 247
133 246
132 245
131 244
130 243
129 242
128 241
127 240
126 239
125 238
124 237
123 236
122 235
121 234
120 233
119 232
118 231
117 230
116 229
115 228
114 227
113 226
112 225
111 224
110 223
109 222
108 221
107 220
106 219
105 218
104 217
103 216
102 215
101 214
100 213
99 212
98 211
97 210
96 209
95 208
94 207
93 206
92 205
91 204
90 203
89 202
88 201
87 200
86 199
85 198
84 197
83 196
82 195
81 194
80 193
79 192
78 191
77 190
76 189
75 188
74 187
73 186
72 185
71 184
70 183
69 182
68 181
67 180
66 179
65 178
64 177
63 176
62 175
61 174
60 173
59 172
58 171
57 170
56 169
55 168
54 167
53 166
52 165
51 164
50 163
49 162
48 161
47 160
46 159
45 158
44 157
43 156
42 155
41 154
40 153
39 152
38 151
37 150
36 149
35 148
34 147
33 146
32 145
31 144
30 143
29 142
28 141
27 140
26 139
25 138
24 137
23 136
22 135
21 134
20 133
19 132
18 131
17 130
16 129
15 128
14 127
13 126
12 125
11 124
10 123
9 122
8 121
7 120
6 119
5 118
4 117
3 116
2 115
1 114
0 113
1000 112
1000 111
1000 110
1000 109
1000 108
1000 107
1000 106
1000 105
1000 104
1000 103
1000 102
1000 101
1000 100
1000 99
1000 98
1000 97
1000 96
1000 95
1000 94
1000 93
1000 92
1000 91
1000 90
1000 89
1000 88
1000 87
1000 86
1000 85
1000 84
1000 83
1000 82
1000 81
1000 80
1000 79
1000 78
1000 77
1000 76
1000 75
1000 74
1000 73
1000 72
1000 71
1000 70
1000 69
1000 68
1000 67
1000 66
1000 65
1000 64
1000 63
1000 62
1000 61
1000 60
1000 59
1000 58
1000 57
1000 56
1000 55
1000 54
1000 53
1000 52
1000 51
1000 50
1000 49
1000 48
1000 47
1000 46
1000 45
1000 44
1000 43
1000 42
1000 41
1000 40
1000 39
1000 38
1000 37
1000 36
1000 35
1000 34
1000 33
1000 32
1000 31
1000 30
1000 29
1000 28
1000 27
1000 26
1000 25
1000 24
1000 23
1000 22
1000 21
1000 20
1000 19
1000 18
1000 17
1000 16
1000 15
1000 14
1000 13
1000 12
1000 11
1000 10
1000 9
1000 8
1000 7
1000 6
1000 5
1000 4
1000 3
1000 2
1000 1
1000 0
1000 1000
1000 1000
1000 1000
1000 1000
1000 1000
1000 1000
1000 1000
1000 1000
1000 1000
1000 1000
1000 1000
1000 1000
1000 1000
1000 1000
1000 1000
1000 1000
1000 1000
1000 1000
1000 1000
1000 1000
1000 1000
1000 1000
1000 1000
1000 1000
1000 1000
1000 1000
1000 1000
1000 1000
1000 1000
1000 1000
1000 1000
1000 1000
1000 1000
1000 1000
1000 1000
1000 1000
1000 1000
1000 1000
1000 1000
1000 1000
1000 1000
1000 1000
1000 1000
1000 1000
1000 1000
1000 1000
1000 1000
1000 1000
1000 1000
1000 1000
1000 1000
1000 1000
1000 1000
1000 1000
1000 1000
1000 1000
1000 1000
1000 1000
1000 1000
1000 1000
1000 1000
1000 1000
1000 1000
1000 1000
1000 1000
1000 1000
1000 1000
1000 1000
1000 1000
1000 1000
1000 1000
1000 1000
1000 1000
1000 1000
1000 1000
1000 1000
1000 1000
1000 1000
1000 1000
1000 1000
1000 1000
1000 1000
1000 1000
1000 1000
1000 1000
1000 1000
1000 1000
1000 1000
1000 1000
1000 1000
1000 1000
1000 1000
1000 1000
1000 1000
1000 1000
1000 1000
1000 1000
1000 1000
1000 1000
1000 1000
1000 1000
1000 1000
1000 1000
1000 1000
1000 1000
1000 1000
1000 1000
1000 1000
1000 1000
1000 1000
1000 1000
1000 1000
1000 1000
1000 1000
1000 1000
1000 1000
1000 1000
1000 1000
1000 1000
1000 1000
1000 1000
1000 1000
1000 1000
1000 1000
1000 1000
1000 1000
1000 1000
1000 1000
1000 1000
1000 1000
1000 1000
1000 1000
1000 1000
1000 1000
1000 1000
1000 1000
1000 1000
1000 1000
1000 1000
1000 1000
1000 1000
1000 1000
1000 1000
1000 1000
1000 1000
1000 1000
1000 1000
1000 1000
1000 1000
1000 1000
1000 1000
1000 1000
1000 1000
1000 1000
1000 1000
1000 1000
1000 1000
1000 1000
1000 1000
1000 1000
1000 1000
1000 1000
1000 1000
1000 1000
1000 1000
1000 1000
1000 1000
1000 1000
1000 1000
1000 1000
1000 1000
1000 1000
1000 1000
1000 1000
1000 1000
1000 1000
1000 1000
1000 1000
1000 1000
1000 1000
1000 1000
1000 1000
1000 1000
1000 1000
1000 1000
1000 1000
1000 1000
1000 1000
1000 1000
1000 1000
1000 1000
1000 1000
1000 1000
1000 1000
1000 1000
1000 1000
1000 1000
1000 1000
1000 1000
1000 1000
1000 1000
1000 1000
1000 1000
1000 1000
1000 1000
1000 1000
1000 1000
1000 1000
1000 1000
1000 1000
1000 1000
1000 1000
1000 1000
1000 1000
1000 1000
1000 1000
1000 1000
1000 1000
1000 1000
1000 1000
1000 1000
1000 1000
1000 1000
1000 1000
1000 1000
1000 1000
1000 1000
1000 1000
1000 1000
1000 1000
1000 1000
1000 1000
1000 1000
1000 1000
1000 1000
1000 1000
1000 1000
1000 1000
1000 1000
1000 1000
1000 1000
1000 1000
1000 1000
1000 1000
1000 1000
1000 1000
1000 1000
1000 1000
1000 1000
1000 1000
1000 1000
1000 1000
1000 1000
1000 1000
1000 1000
1000 1000
1000 1000
1000 1000
1000 1000
1000 1000
1000 1000
1000 1000
1000 1000
1000 1000
1000 1000
1000 1000
1000 1000
1000 1000
1000 1000
1000 1000
1000 1000
1000 1000
1000 1000
1000 1000
1000 1000
1000 1000
1000 1000
1000 1000
1000 1000
1000 1000
1000 1000
1000 1000
1000 1000
1000 1000
1000 1000
1000 1000
1000 1000
1000 1000
1000 1000
1000 1000
1000 1000
1000 1000
1000 1000
1000 1000
1000 1000
1000 1000
1000 1000
1000 1000
1000 1000
1000 1000
1000 1000
1000 1000
1000 1000
1000 1000
1000 1000
1000 1000
1000 1000
1000 1000
1000 1000
1000 1000
1000 1000
1000 1000
1000 1000
1000 1000
1000 1000
1000 1000
1000 1000
1000 1000
1000 1000
1000 1000
1000 1000
1000 1000
1000 1000
1000 1000
1000 1000
1000 1000
1000 1000
1000 1000
1000 1000
1000 1000
1000 1000
1000 1000
1000 1000
1000 1000
1000 1000
1000 1000
1000 1000
1000 1000
1000 1000
1000 1000
1000 1000
1000 1000
1000 1000
1000 1000
1000 1000
1000 1000
1000 1000
1000 1000
1000 1000
1000 1000
1000 1000
1000 1000
1000 1000
1000 1000
1000 1000
1000 1000
1000 1000
1000 1000
1000 1000
1000 1000
1000 1000
1000 1000
1000 1000
1000 1000
1000 1000
1000 1000
1000 1000
1000 1000
1000 1000
1000 1000
1000 1000
1000 1000
1000 1000
1000 1000
1000 1000
1000 1000
1000 1000
1000 1000
1000 1000
1000 1000
1000 1000
1000 1000
1000 1000
1000 1000
1000 1000
1000 1000
1000 1000
1000 1000
1000 1000
1000 1000
1000 1000
1000 1000
1000 1000
1000 1000
1000 1000
1000 1000
1000 1000
1000 1000
1000 1000
1000 1000
1000 1000
1000 1000
1000 1000
1000 1000
1000 1000
1000 1000
1000 1000
1000 1000
1000 1000
1000 1000
1000 1000
1000 1000
1000 1000
1000 1000
1000 1000
1000 1000
1000 1000
1000 1000
1000 1000
1000 1000
1000 1000
1000 1000
1000 1000
1000 1000
1000 1000
1000 1000
1000 1000
1000 1000
1000 1000
1000 1000
1000 1000
1000 1000
1000 1000
1000 1000
1000 1000
1000 1000
1000 1000
1000 1000
1000 1000
1000 1000
1000 1000
1000 1000
1000 1000
1000 1000
1000 1000
1000 1000
1000 1000
1000 1000
1000 1000
1000 1000
1000 1000
1000 1000
1000 1000
1000 1000
1000 1000
1000 1000
1000 1000
1000 1000
1000 1000
1000 1000
1000 1000
1000 1000
1000 1000
1000 1000
1000 1000
1000 1000
1000 1000
1000 1000
1000 1000
1000 1000
1000 1000
1000 1000
1000 1000
1000 1000
1000 1000
1000 1000
1000 1000
1000 1000
1000 1000
1000 1000
1000 1000
1000 1000
1000 1000
1000 1000
1000 1000
1000 1000
1000 1000
1000 1000
1000 1000
1000 1000
1000 1000
1000 1000
1000 1000
1000 1000
1000 1000
1000 1000
1000 1000
1000 1000
1000 1000
1000 1000
1000 1000
1000 1000
1000 1000
1000 1000
1000 1000
1000 1000
1000 1000
1000 1000
1000 1000
1000 1000
1000 1000
1000 1000
1000 1000
1000 1000
1000 1000
1000 1000
1000 1000
1000 1000
1000 1000
1000 1000
1000 1000
1000 1000
1000 1000
1000 1000
1000 1000
1000 1000
1000 1000
1000 1000
1000 1000
1000 1000
1000 1000
1000 1000
1000 1000
1000 1000
1000 1000
1000 1000
1000 1000
1000 1000
1000 1000
1000 1000
1000 1000
1000 1000
1000 1000
1000 1000
1000 1000
1000 1000
1000 1000
1000 1000
1000 1000
1000 1000
1000 1000
1000 1000
1000 1000
1000 1000
1000 1000
1000 1000
1000 1000
1000 1000
1000 1000
1000 1000
1000 1000
1000 1000
1000 1000
1000 1000
1000 1000
1000 1000
1000 1000
1000 1000
1000 1000
1000 1000
1000 1000
1000 1000
1000 1000
1000 1000
1000 1000
1000 1000
1000 1000
1000 1000
1000 1000
1000 1000
1000 1000
1000 1000
1000 1000
1000 1000
1000 1000
1000 1000
1000 1000
1000 1000
1000 1000
1000 1000
1000 1000
1000 1000
1000 1000
1000 1000
1000 1000
1000 1000
1000 1000
1000 1000
1000 1000
1000 1000
1000 1000
1000 1000
1000 1000
1000 1000
1000 1000
1000 1000
1000 1000
1000 1000
1000 1000
1000 1000
1000 1000
1000 1000
1000 1000
1000 1000
1000 1000
1000 1000
1000 1000
1000 1000
1000 1000
1000 1000
1000 1000
1000 1000
1000 1000
1000 1000
1000 1000
1000 1000
1000 1000
1000 1000
1000 1000
1000 1000
1000 1000
1000 1000
1000 1000
1000 1000
1000 1000
1000 1000
1000 1000
1000 1000
1000 1000
1000 1000
1000 1000
1000 1000
1000 1000
1000 1000
1000 1000
1000 1000
1000 1000
1000 1000
1000 1000
1000 1000
1000 1000
1000 1000
1000 1000
1000 1000
1000 1000
1000 1000
1000 1000
1000 1000
1000 1000
1000 1000
1000 1000
1000 1000
1000 1000
1000 1000
1000 1000
1000 1000
1000 1000
1000 1000
1000 1000
1000 1000
1000 1000
1000 1000
1000 1000
1000 1000
1000 1000
1000 1000
1000 1000
1000 1000
1000 1000
1000 1000
1000 1000
1000 1000
1000 1000
1000 1000
1000 1000
1000 1000
1000 1000
1000 1000
1000 1000
1000 1000
1000 1000
1000 1000
1000 1000
1000 1000
1000 1000
1000 1000
1000 1000
1000 1000
1000 1000
1000 1000
1000 1000
1000 1000
1000 1000
1000 1000
1000 1000
1000 1000
1000 1000
1000 1000
1000 1000
1000 1000
1000 1000
1000 1000
1000 1000
1000 1000
1000 1000
1000 1000
1000 1000
1000 1000
1000 1000
1000 1000
1000 1000
1000 1000
1000 1000
1000 1000
1000 1000
1000 1000
1000 1000
1000 1000
1000 1000
1000 1000
1000 1000
1000 1000
1000 1000
1000 1000
1000 1000
1000 1000
1000 1000
1000 1000
1000 1000
1000 1000
1000 1000
1000 1000
1000 1000
1000 1000
1000 1000
1000 1000
1000 1000
1000 1000
1000 1000
1000 1000
1000 1000
1000 1000
1000 1000
1000 1000
1000 1000
1000 1000
1000 1000
1000 1000
1000 1000
1000 1000
1000 1000
1000 1000
1000 1000
1000 1000
1000 1000
1000 1000
1000 1000
1000 1000
1000 1000
1000 1000
1000 1000
1000 1000
1000 1000
1000 1000
1000 1000
1000 1000
1000 1000
1000 1000
1000 1000
1000 1000
1000 1000
1000 1000
1000 1000
1000 1000
1000 1000
1000 1000
1000 1000
1000 1000
1000 1000
1000 1000
1000 1000
1000 1000
1000 1000
1000 1000
1000 1000
1000 1000
1000 1000
1000 1000
1000 1000
1000 1000
1000 1000
1000 1000
1000 1000
1000 1000
1000 1000
1000 1000
1000 1000
1000 1000
1000 1000
1000 1000
1000 1000
1000 1000
1000 1000
1000 1000
1000 1000
1000 1000
1000 1000
1000 1000
1000 1000
1000 1000
1000 1000
1000 1000
1000 1000
1000 1000
1000 1000
1000 1000
1000 1000
1000 1000
1000 1000
1000 1000
1000 1000
1000 1000
1000 1000
1000 1000
1000 1000
1000 1000
1000 1000
1000 1000
1000 1000
1000 1000
1000 1000
1000 1000
1000 1000
1000 1000
1000 1000
1000 1000
1000 1000
1000 1000
1000 1000
1000 1000
1000 1000
1000 1000
1000 1000
1000 1000
1000 1000
1000 1000
1000 1000
1000 1000
1000 1000
1000 1000
1000 1000
1000 1000
1000 1000
1000 1000
1000 1000
1000 1000
1000 1000
1000 1000
1000 1000
1000 1000
1000 1000
1000 1000
1000 1000
1000 1000
1000 1000
1000 1000
1000 1000
1000 1000
1000 1000
1000 1000
1000 1000
1000 1000
1000 1000
1000 1000
1000 1000
1000 1000
1000 1000
1000 1000
1000 1000
1000 1000
1000 1000
1000 1000
1000 1000
1000 1000
1000 1000
1000 1000
1000 1000
1000 1000
1000 1000
1000 1000
1000 1000
1000 1000
1000 1000
1000 1000
1000 1000
1000 1000
1000 1000
1000 1000
1000 1000
1000 1000
1000 1000
1000 1000
1000 1000
1000 1000
1000 1000
1000 1000
1000 1000
1000 1000
1000 1000
1000 1000
1000 1000
1000 1000
1000 1000
1000 1000
1000 1000
1000 1000
1000 1000
1000 1000
1000 1000
1000 1000
1000 1000
1000 1000
1000 1000
1000 1000
1000 1000
1000 1000
1000 1000
1000 1000
1000 1000
1000 1000
1000 1000
1000 1000
1000 1000
1000 1000
1000 1000
1000 1000
1000 1000
1000 1000
1000 1000
1000 1000
1000 1000
1000 1000
1000 1000
1000 1000
1000 1000
1000 1000
1000 1000
1000 1000
1000 1000
1000 1000
1000 1000
1000 1000
1000 1000
1000 1000
1000 1000
1000 1000
1000 1000
1000 1000
1000 1000
1000 1000
1000 1000
1000 1000
1000 1000
1000 1000
1000 1000
1000 1000
1000 1000
1000 1000
1000 1000
1000 1000
1000 1000
1000 1000
1000 1000
1000 1000
1000 1000
1000 1000
1000 1000
1000 1000
1000 1000
1000 1000
1000 1000
1000 1000
1000 1000
1000 1000
1000 1000
1000 1000
1000 1000
1000 1000
1000 1000
1000 1000
1000 1000
1000 1000
1000 1000
1000 1000
1000 1000
1000 1000
1000 1000
1000 1000
1000 1000
1000 1000
1000 1000
1000 1000
1000 1000
1000 1000
1000 1000
1000 1000
1000 1000
1000 1000
1000 1000
1000 1000
1000 1000
1000 1000
1000 1000
1000 1000
1000 1000
1000 1000
1000 1000
1000 1000
1000 1000
1000 1000
1000 1000
1000 1000
1000 1000
1000 1000
1000 1000
1000 1000
1000 1000
1000 1000
1000 1000
1000 1000
1000 1000
1000 1000
1000 1000
1000 1000
1000 1000
1000 1000
1000 1000
1000 1000
1000 1000
1000 1000
1000 1000
1000 1000
1000 1000
1000 1000
1000 1000
1000 1000
1000 1000
1000 1000
1000 1000
1000 1000
1000 1000
1000 1000
1000 1000
1000 1000
1000 1000
1000 1000
1000 1000
1000 1000
1000 1000
1000 1000
1000 1000
1000 1000
1000 1000
1000 1000
1000 1000
1000 1000
1000 1000
1000 1000
1000 1000
1000 1000
1000 1000
1000 1000
1000 1000
1000 1000
1000 1000
1000 1000
1000 1000
1000 1000
1000 1000
1000 1000
1000 1000
1000 1000
1000 1000
1000 1000
1000 1000
1000 1000
1000 1000
1000 1000
1000 1000
1000 1000
1000 1000
1000 1000
1000 1000
1000 1000
1000 1000
1000 1000
1000 1000
1000 1000
1000 1000
1000 1000
1000 1000
1000 1000
1000 1000
1000 1000
1000 1000
1000 1000
1000 1000
1000 1000
1000 1000
1000 1000
1000 1000
1000 1000
1000 1000
1000 1000
1000 1000
1000 1000
1000 1000
1000 1000
1000 1000
1000 1000
1000 1000
1000 1000
1000 1000
1000 1000
1000 1000
1000 1000
1000 1000
1000 1000
1000 1000
1000 1000
1000 1000
1000 1000
1000 1000
1000 1000
1000 1000
1000 1000
1000 1000
1000 1000
1000 1000
1000 1000
1000 1000
1000 1000
1000 1000
1000 1000
1000 1000
1000 1000
1000 1000
1000 1000
1000 1000
1000 1000
1000 1000
1000 1000
1000 1000
1000 1000
1000 1000
1000 1000
1000 1000
1000 1000
1000 1000
1000 1000
1000 1000
1000 1000
1000 1000
1000 1000
1000 1000
1000 1000
1000 1000
1000 1000
1000 1000
1000 1000
1000 1000
1000 1000
1000 1000
1000 1000
1000 1000
1000 1000
1000 1000
1000 1000
1000 1000
1000 1000
1000 1000
1000 1000
1000 1000
1000 1000
1000 1000
1000 1000
1000 1000
1000 1000
1000 1000
1000 1000
1000 1000
1000 1000
1000 1000
1000 1000
1000 1000
1000 1000
1000 1000
1000 1000
1000 1000
1000 1000
1000 1000
1000 1000
1000 1000
1000 1000
1000 1000
1000 1000
1000 1000
1000 1000
1000 1000
1000 1000
1000 1000
1000 1000
1000 1000
1000 1000
1000 1000
1000 1000
1000 1000
1000 1000
1000 1000
1000 1000
1000 1000
1000 1000
1000 1000
1000 1000
1000 1000
1000 1000
1000 1000
1000 1000
1000 1000
1000 1000
1000 1000
1000 1000
1000 1000
1000 1000
1000 1000
1000 1000
1000 1000
1000 1000
1000 1000
1000 1000
1000 1000
1000 1000
1000 1000
1000 1000
1000 1000
1000 1000
1000 1000
1000 1000
1000 1000
1000 1000
1000 1000
1000 1000
1000 1000
1000 1000
1000 1000
1000 1000
1000 1000
1000 1000
1000 1000
1000 1000
1000 1000
1000 1000
1000 1000
1000 1000
1000 1000
1000 1000
1000 1000
1000 1000
1000 1000
1000 1000
1000 1000
1000 1000
1000 1000
1000 1000
1000 1000
1000 1000
1000 1000
1000 1000
1000 1000
1000 1000
1000 1000
1000 1000
1000 1000
1000 1000
1000 1000
1000 1000
1000 1000
1000 1000
1000 1000
1000 1000
1000 1000
1000 1000
1000 1000
1000 1000
1000 1000
1000 1000
1000 1000
1000 1000
1000 1000
1000 1000
1000 1000
1000 1000
1000 1000
1000 1000
1000 1000
1000 1000
1000 1000
1000 1000
1000 1000
1000 1000
1000 1000
1000 1000
1000 1000
1000 1000
1000 1000
1000 1000
1000 1000
1000 1000
1000 1000
1000 1000
1000 1000
1000 1000
1000 1000
1000 1000
1000 1000
1000 1000
1000 1000
1000 1000
1000 1000
1000 1000
1000 1000
1000 1000
1000 1000
1000 1000
1000 1000
1000 1000
1000 1000
1000 1000
1000 1000
1000 1000
1000 1000
1000 1000
1000 1000
1000 1000
1000 1000
1000 1000
1000 1000
1000 1000
1000 1000
1000 1000
1000 1000
1000 1000
1000 1000
1000 1000
1000 1000
1000 1000
1000 1000
1000 1000
1000 1000
1000 1000
1000 1000
1000 1000
1000 1000
1000 1000
1000 1000
1000 1000
1000 1000
1000 1000
1000 1000
1000 1000
1000 1000
1000 1000
1000 1000
1000 1000
1000 1000
1000 1000
1000 1000
1000 1000
1000 1000
1000 1000
1000 1000
1000 1000
1000 1000
1000 1000
1000 1000
1000 1000
1000 1000
1000 1000
1000 1000
1000 1000
1000 1000
1000 1000
1000 1000
1000 1000
1000 1000
1000 1000
1000 1000
1000 1000
1000 1000
1000 1000
1000 1000
1000 1000
1000 1000
1000 1000
1000 1000
1000 1000
1000 1000
1000 1000
1000 1000
1000 1000
1000 1000
1000 1000
1000 1000
1000 1000
1000 1000
1000 1000
1000 1000
1000 1000
1000 1000
1000 1000
1000 1000
1000 1000
1000 1000
1000 1000
1000 1000
1000 1000
1000 1000
1000 1000
1000 1000
1000 1000
1000 1000
1000 1000
1000 1000
1000 1000
1000 1000
1000 1000
1000 1000
1000 1000
1000 1000
1000 1000
1000 1000
1000 1000
1000 1000
1000 1000
1000 1000
1000 1000
1000 1000
1000 1000
1000 1000
1000 1000
1000 1000
1000 1000
1000 1000
1000 1000
1000 1000
1000 1000
1000 1000
1000 1000
1000 1000
1000 1000
1000 1000
1000 1000
1000 1000
1000 1000
1000 1000
1000 1000
1000 1000
1000 1000
1000 1000
1000 1000
1000 1000
1000 1000
1000 1000
1000 1000
1000 1000
1000 1000
1000 1000
1000 1000
1000 1000
1000 1000
1000 1000
1000 1000
1000 1000
1000 1000
1000 1000
1000 1000
1000 1000
1000 1000
1000 1000
1000 1000
1000 1000
1000 1000
1000 1000
1000 1000
1000 1000
1000 1000
1000 1000
1000 1000
1000 1000
1000 1000
1000 1000
1000 1000
1000 1000
1000 1000
1000 1000
1000 1000
1000 1000
1000 1000
1000 1000
1000 1000
1000 1000
1000 1000
1000 1000
1000 1000
1000 1000
1000 1000
1000 1000
1000 1000
1000 1000
1000 1000
1000 1000
1000 1000
1000 1000
1000 1000
1000 1000
1000 1000
1000 1000
1000 1000
1000 1000
1000 1000
1000 1000
1000 1000
1000 1000
1000 1000
1000 1000
1000 1000
1000 1000
1000 1000
1000 1000
1000 1000
1000 1000
1000 1000
1000 1000
1000 1000
1000 1000
1000 1000
1000 1000
1000 1000
1000 1000
1000 1000
1000 1000
1000 1000
1000 1000
1000 1000
1000 1000
1000 1000
1000 1000
1000 1000
1000 1000
1000 1000
1000 1000
1000 1000
1000 1000
1000 1000
1000 1000
1000 1000
1000 1000
1000 1000
1000 1000
1000 1000
1000 1000
1000 1000
1000 1000
1000 1000
1000 1000
1000 1000
1000 1000
1000 1000
1000 1000
1000 1000
1000 1000
1000 1000
1000 1000
1000 1000
1000 1000
1000 1000
1000 1000
1000 1000
1000 1000
1000 1000
1000 1000
1000 1000
1000 1000
1000 1000
1000 1000
1000 1000
1000 1000
1000 1000
1000 1000
1000 1000
1000 1000
1000 1000
1000 1000
1000 1000
1000 1000
1000 1000
1000 1000
1000 1000
1000 1000
1000 1000
1000 1000
1000 1000
1000 1000
1000 1000
1000 1000
1000 1000
1000 1000
1000 1000
1000 1000
1000 1000
1000 1000
1000 1000
1000 1000
1000 1000
1000 1000
1000 1000
1000 1000
1000 1000
1000 1000
1000 1000
1000 1000
1000 1000
1000 1000
1000 1000
1000 1000
1000 1000
1000 1000
1000 1000
1000 1000
1000 1000
1000 1000
1000 1000
1000 1000
1000 1000
1000 1000
1000 1000
1000 1000
1000 1000
1000 1000
1000 1000
1000 1000
1000 1000
1000 1000
1000 1000
1000 1000
1000 1000
1000 1000
1000 1000
1000 1000
1000 1000
1000 1000
1000 1000
1000 1000
1000 1000
1000 1000
1000 1000
1000 1000
1000 1000
1000 1000
1000 1000
1000 1000
1000 1000
1000 1000
1000 1000
1000 1000
1000 1000
1000 1000
1000 1000
1000 1000
1000 1000
1000 1000
1000 1000
1000 1000
1000 1000
1000 1000
1000 1000
1000 1000
1000 1000
1000 1000
1000 1000
1000 1000
1000 1000
1000 1000
1000 1000
1000 1000
1000 1000
1000 1000
1000 1000
1000 1000
1000 1000
1000 1000
1000 1000
1000 1000
1000 1000
1000 1000
1000 1000
1000 1000
1000 1000
1000 1000
1000 1000
1000 1000
1000 1000
1000 1000
1000 1000
1000 1000
1000 1000
1000 1000
1000 1000
1000 1000
1000 1000
1000 1000
1000 1000
1000 1000
1000 1000
1000 1000
1000 1000
1000 1000
1000 1000
1000 1000
1000 1000
1000 1000
1000 1000
1000 1000
1000 1000
1000 1000
1000 1000
1000 1000
1000 1000
1000 1000
1000 1000
1000 1000
1000 1000
1000 1000
1000 1000
1000 1000
1000 1000
1000 1000
1000 1000
1000 1000
1000 1000
1000 1000
1000 1000
1000 1000
1000 1000
1000 1000
1000 1000
1000 1000
1000 1000
1000 1000
1000 1000
1000 1000
1000 1000
1000 1000
1000 1000
1000 1000
1000 1000
