1163 1295
1162 1294
1161 1293
1160 1292
1159 1291
1158 1290
1157 1289
1156 1288
1155 1287
1154 1286
1153 1285
1152 1284
1151 1283
1150 1282
1149 1281
1148 1280
1147 1279
1146 1278
1145 1277
1144 1276
1143 1275
1142 1274
1141 1273
1140 1272
1139 1271
1138 1270
1137 1269
1136 1268
1135 1267
1134 1266
1133 1265
1132 1264
1131 1263
1130 1262
1129 1261
1128 1260
1127 1259
1126 1258
1125 1257
1124 1256
1123 1255
1122 1254
1121 1253
1120 1252
1119 1251
1118 1250
1117 1249
1116 1248
1115 1247
1114 1246
1113 1245
1112 1244
1111 1243
1110 1242
1109 1241
1108 1240
1107 1239
1106 1238
1105 1237
1104 1236
1103 1235
1102 1234
1101 1233
1100 1232
1099 1231
1098 1230
1097 1229
1096 1228
1095 1227
1094 1226
1093 1225
1092 1224
1091 1223
1090 1222
1089 1221
1088 1220
1087 1219
1086 1218
1085 1217
1084 1216
1083 1215
1082 1214
1081 1213
1080 1212
1079 1211
1078 1210
1077 1209
1076 1208
1075 1207
1074 1206
1073 1205
1072 1204
1071 1203
1070 1202
1069 1201
1068 1200
1067 1199
1066 1198
1065 1197
1064 1196
1063 1195
1062 1194
1061 1193
1060 1192
1059 1191
1058 1190
1057 1189
1056 1188
1055 1187
1054 1186
1053 1185
1052 1184
1051 1183
1050 1182
1049 1181
1048 1180
1047 1179
1046 1178
1045 1177
1044 1176
1043 1175
1042 1174
1041 1173
1040 1172
1039 1171
1038 1170
1037 1169
1036 1168
1035 1167
1034 1166
1033 1165
1032 1164
1031 1163
1030 1162
1029 1161
1028 1160
1027 1159
1026 1158
1025 1157
1024 1156
1023 1155
1022 1154
1021 1153
1020 1152
1019 1151
1018 1150
1017 1149
1016 1148
1015 1147
1014 1146
1013 1145
1012 1144
1011 1143
1010 1142
1009 1141
1008 1140
1007 1139
1006 1138
1005 1137
1004 1136
1003 1135
1002 1134
1001 1133
1000 1132
999 1131
998 1130
997 1129
996 1128
995 1127
994 1126
993 1125
992 1124
991 1123
990 1122
989 1121
988 1120
987 1119
986 1118
985 1117
984 1116
983 1115
982 1114
981 1113
980 1112
979 1111
978 1110
977 1109
976 1108
975 1107
974 1106
973 1105
972 1104
971 1103
970 1102
969 1101
968 1100
967 1099
966 1098
965 1097
964 1096
963 1095
962 1094
961 1093
960 1092
959 1091
958 1090
957 1089
956 1088
955 1087
954 1086
953 1085
952 1084
951 1083
950 1082
949 1081
948 1080
947 1079
946 1078
945 1077
944 1076
943 1075
942 1074
941 1073
940 1072
939 1071
938 1070
937 1069
936 1068
935 1067
934 1066
933 1065
932 1064
931 1063
930 1062
929 1061
928 1060
927 1059
926 1058
925 1057
924 1056
923 1055
922 1054
921 1053
920 1052
919 1051
918 1050
917 1049
916 1048
915 1047
914 1046
913 1045
912 1044
911 1043
910 1042
909 1041
908 1040
907 1039
906 1038
905 1037
904 1036
903 1035
902 1034
901 1033
900 1032
899 1031
898 1030
897 1029
896 1028
895 1027
894 1026
893 1025
892 1024
891 1023
890 1022
889 1021
888 1020
887 1019
886 1018
885 1017
884 1016
883 1015
882 1014
881 1013
880 1012
879 1011
878 1010
877 1009
876 1008
875 1007
874 1006
873 1005
872 1004
871 1003
870 1002
869 1001
868 1000
867 999
866 998
865 997
864 996
863 995
862 994
861 993
860 992
859 991
858 990
857 989
856 988
855 987
854 986
853 985
852 984
851 983
850 982
849 981
848 980
847 979
846 978
845 977
844 976
843 975
842 974
841 973
840 972
839 971
838 970
837 969
836 968
835 967
834 966
833 965
832 964
831 963
830 962
829 961
828 960
827 959
826 958
825 957
824 956
823 955
822 954
821 953
820 952
819 951
818 950
817 949
816 948
815 947
814 946
813 945
812 944
811 943
810 942
809 941
808 940
807 939
806 938
805 937
804 936
803 935
802 934
801 933
800 932
799 931
798 930
797 929
796 928
795 927
794 926
793 925
792 924
791 923
790 922
789 921
788 920
787 919
786 918
785 917
784 916
783 915
782 914
781 913
780 912
779 911
778 910
777 909
776 908
775 907
774 906
773 905
772 904
771 903
770 902
769 901
768 900
767 899
766 898
765 897
764 896
763 895
762 894
761 893
760 892
759 891
758 890
757 889
756 888
755 887
754 886
753 885
752 884
751 883
750 882
749 881
748 880
747 879
746 878
745 877
744 876
743 875
742 874
741 873
740 872
739 871
738 870
737 869
736 868
735 867
734 866
733 865
732 864
731 863
730 862
729 861
728 860
727 859
726 858
725 857
724 856
723 855
722 854
721 853
720 852
719 851
718 850
717 849
716 848
715 847
714 846
713 845
712 844
711 843
710 842
709 841
708 840
707 839
706 838
705 837
704 836
703 835
702 834
701 833
700 832
699 831
698 830
697 829
696 828
695 827
694 826
693 825
692 824
691 823
690 822
689 821
688 820
687 819
686 818
685 817
684 816
683 815
682 814
681 813
680 812
679 811
678 810
677 809
676 808
675 807
674 806
673 805
672 804
671 803
670 802
669 801
668 800
667 799
666 798
665 797
664 796
663 795
662 794
661 793
660 792
659 791
658 790
657 789
656 788
655 787
654 786
653 785
652 784
651 783
650 782
649 781
648 780
647 779
646 778
645 777
644 776
643 775
642 774
641 773
640 772
639 771
638 770
637 769
636 768
635 767
634 766
633 765
632 764
631 763
630 762
629 761
628 760
627 759
626 758
625 757
624 756
623 755
622 754
621 753
620 752
619 751
618 750
617 749
616 748
615 747
614 746
613 745
612 744
611 743
610 742
609 741
608 740
607 739
606 738
605 737
604 736
603 735
602 734
601 733
600 732
599 731
598 730
597 729
596 728
595 727
594 726
593 725
592 724
591 723
590 722
589 721
588 720
587 719
586 718
585 717
584 716
583 715
582 714
581 713
580 712
579 711
578 710
577 709
576 708
575 707
574 706
573 705
572 704
571 703
570 702
569 701
568 700
567 699
566 698
565 697
564 696
563 695
562 694
561 693
560 692
559 691
558 690
557 689
556 688
555 687
554 686
553 685
552 684
551 683
550 682
549 681
548 680
547 679
546 678
545 677
544 676
543 675
542 674
541 673
540 672
539 671
538 670
537 669
536 668
535 667
534 666
533 665
532 664
531 663
530 662
529 661
528 660
527 659
526 658
525 657
524 656
523 655
522 654
521 653
520 652
519 651
518 650
517 649
516 648
515 647
514 646
513 645
512 644
511 643
510 642
509 641
508 640
507 639
506 638
505 637
504 636
503 635
502 634
501 633
500 632
499 631
498 630
497 629
496 628
495 627
494 626
493 625
492 624
491 623
490 622
489 621
488 620
487 619
486 618
485 617
484 616
483 615
482 614
481 613
480 612
479 611
478 610
477 609
476 608
475 607
474 606
473 605
472 604
471 603
470 602
469 601
468 600
467 599
466 598
465 597
464 596
463 595
462 594
461 593
460 592
459 591
458 590
457 589
456 588
455 587
454 586
453 585
452 584
451 583
450 582
449 581
448 580
447 579
446 578
445 577
444 576
443 575
442 574
441 573
440 572
439 571
438 570
437 569
436 568
435 567
434 566
433 565
432 564
431 563
430 562
429 561
428 560
427 559
426 558
425 557
424 556
423 555
422 554
421 553
420 552
419 551
418 550
417 549
416 548
415 547
414 546
413 545
412 544
411 543
410 542
409 541
408 540
407 539
406 538
405 537
404 536
403 535
402 534
401 533
400 532
399 531
398 530
397 529
396 528
395 527
394 526
393 525
392 524
391 523
390 522
389 521
388 520
387 519
386 518
385 517
384 516
383 515
382 514
381 513
380 512
379 511
378 510
377 509
376 508
375 507
374 506
373 505
372 504
371 503
370 502
369 501
368 500
367 499
366 498
365 497
364 496
363 495
362 494
361 493
360 492
359 491
358 490
357 489
356 488
355 487
354 486
353 485
352 484
351 483
350 482
349 481
348 480
347 479
346 478
345 477
344 476
343 475
342 474
341 473
340 472
339 471
338 470
337 469
336 468
335 467
334 466
333 465
332 464
331 463
330 462
329 461
328 460
327 459
326 458
325 457
324 456
323 455
322 454
321 453
320 452
319 451
318 450
317 449
316 448
315 447
314 446
313 445
312 444
311 443
310 442
309 441
308 440
307 439
306 438
305 437
304 436
303 435
302 434
301 433
300 432
299 431
298 430
297 429
296 428
295 427
294 426
293 425
292 424
291 423
290 422
289 421
288 420
287 419
286 418
285 417
284 416
283 415
282 414
281 413
280 412
279 411
278 410
277 409
276 408
275 407
274 406
273 405
272 404
271 403
270 402
269 401
268 400
267 399
266 398
265 397
264 396
263 395
262 394
261 393
260 392
259 391
258 390
257 389
256 388
255 387
254 386
253 385
252 384
251 383
250 382
249 381
248 380
247 379
246 378
245 377
244 376
243 375
242 374
241 373
240 372
239 371
238 370
237 369
236 368
235 367
234 366
233 365
232 364
231 363
230 362
229 361
228 360
227 359
226 358
225 357
224 356
223 355
222 354
221 353
220 352
219 351
218 350
217 349
216 348
215 347
214 346
213 345
212 344
211 343
210 342
209 341
208 340
207 339
206 338
205 337
204 336
203 335
202 334
201 333
200 332
199 331
198 330
197 329
196 328
195 327
194 326
193 325
192 324
191 323
190 322
189 321
188 320
187 319
186 318
185 317
184 316
183 315
182 314
181 313
180 312
179 311
178 310
177 309
176 308
175 307
174 306
173 305
172 304
171 303
170 302
169 301
168 300
167 299
166 298
165 297
164 296
163 295
162 294
161 293
160 292
159 291
158 290
157 289
156 288
155 287
154 286
153 285
152 284
151 283
150 282
149 281
148 280
147 279
146 278
145 277
144 276
143 275
142 274
141 273
140 272
139 271
138 270
137 269
136 268
135 267
134 266
133 265
132 264
131 263
130 262
129 261
128 260
127 259
126 258
125 257
124 256
123 255
122 254
121 253
120 252
119 251
118 250
117 249
116 248
115 247
114 246
113 245
112 244
111 243
110 242
109 241
108 240
107 239
106 238
105 237
104 236
103 235
102 234
101 233
100 232
99 231
98 230
97 229
96 228
95 227
94 226
93 225
92 224
91 223
90 222
89 221
88 220
87 219
86 218
85 217
84 216
83 215
82 214
81 213
80 212
79 211
78 210
77 209
76 208
75 207
74 206
73 205
72 204
71 203
70 202
69 201
68 200
67 199
66 198
65 197
64 196
63 195
62 194
61 193
60 192
59 191
58 190
57 189
56 188
55 187
54 186
53 185
52 184
51 183
50 182
49 181
48 180
47 179
46 178
45 177
44 176
43 175
42 174
41 173
40 172
39 171
38 170
37 169
36 168
35 167
34 166
33 165
32 164
31 163
30 162
29 161
28 160
27 159
26 158
25 157
24 156
23 155
22 154
21 153
20 152
19 151
18 150
17 149
16 148
15 147
14 146
13 145
12 144
11 143
10 142
9 141
8 140
7 139
6 138
5 137
4 136
3 135
2 134
1 133
0 132
1000 131
1000 130
1000 129
1000 128
1000 127
1000 126
1000 125
1000 124
1000 123
1000 122
1000 121
1000 120
1000 119
1000 118
1000 117
1000 116
1000 115
1000 114
1000 113
1000 112
1000 111
1000 110
1000 109
1000 108
1000 107
1000 106
1000 105
1000 104
1000 103
1000 102
1000 101
1000 100
1000 99
1000 98
1000 97
1000 96
1000 95
1000 94
1000 93
1000 92
1000 91
1000 90
1000 89
1000 88
1000 87
1000 86
1000 85
1000 84
1000 83
1000 82
1000 81
1000 80
1000 79
1000 78
1000 77
1000 76
1000 75
1000 74
1000 73
1000 72
1000 71
1000 70
1000 69
1000 68
1000 67
1000 66
1000 65
1000 64
1000 63
1000 62
1000 61
1000 60
1000 59
1000 58
1000 57
1000 56
1000 55
1000 54
1000 53
1000 52
1000 51
1000 50
1000 49
1000 48
1000 47
1000 46
1000 45
1000 44
1000 43
1000 42
1000 41
1000 40
1000 39
1000 38
1000 37
1000 36
1000 35
1000 34
1000 33
1000 32
1000 31
1000 30
1000 29
1000 28
1000 27
1000 26
1000 25
1000 24
1000 23
1000 22
1000 21
1000 20
1000 19
1000 18
1000 17
1000 16
1000 15
1000 14
1000 13
1000 12
1000 11
1000 10
1000 9
1000 8
1000 7
1000 6
1000 5
1000 4
1000 3
1000 2
1000 1
1000 0
1000 1000
1000 1000
1000 1000
1000 1000
1000 1000
1000 1000
1000 1000
1000 1000
1000 1000
1000 1000
1000 1000
1000 1000
1000 1000
1000 1000
1000 1000
1000 1000
1000 1000
1000 1000
1000 1000
1000 1000
1000 1000
1000 1000
1000 1000
1000 1000
1000 1000
1000 1000
1000 1000
1000 1000
1000 1000
1000 1000
1000 1000
1000 1000
1000 1000
1000 1000
1000 1000
1000 1000
1000 1000
1000 1000
1000 1000
1000 1000
1000 1000
1000 1000
1000 1000
1000 1000
1000 1000
1000 1000
1000 1000
1000 1000
1000 1000
1000 1000
1000 1000
1000 1000
1000 1000
1000 1000
1000 1000
1000 1000
1000 1000
1000 1000
1000 1000
1000 1000
1000 1000
1000 1000
1000 1000
1000 1000
1000 1000
1000 1000
1000 1000
1000 1000
1000 1000
1000 1000
1000 1000
1000 1000
1000 1000
1000 1000
1000 1000
1000 1000
1000 1000
1000 1000
1000 1000
1000 1000
1000 1000
1000 1000
1000 1000
1000 1000
1000 1000
1000 1000
1000 1000
1000 1000
1000 1000
1000 1000
1000 1000
1000 1000
1000 1000
1000 1000
1000 1000
1000 1000
1000 1000
1000 1000
1000 1000
1000 1000
1000 1000
1000 1000
1000 1000
1000 1000
1000 1000
1000 1000
1000 1000
1000 1000
1000 1000
1000 1000
1000 1000
1000 1000
1000 1000
1000 1000
1000 1000
1000 1000
1000 1000
1000 1000
1000 1000
1000 1000
1000 1000
1000 1000
1000 1000
1000 1000
1000 1000
1000 1000
1000 1000
1000 1000
1000 1000
1000 1000
1000 1000
1000 1000
1000 1000
1000 1000
1000 1000
1000 1000
1000 1000
1000 1000
1000 1000
1000 1000
1000 1000
1000 1000
1000 1000
1000 1000
1000 1000
1000 1000
1000 1000
1000 1000
1000 1000
1000 1000
1000 1000
1000 1000
1000 1000
1000 1000
1000 1000
1000 1000
1000 1000
1000 1000
1000 1000
1000 1000
1000 1000
1000 1000
1000 1000
1000 1000
1000 1000
1000 1000
1000 1000
1000 1000
1000 1000
1000 1000
1000 1000
1000 1000
1000 1000
1000 1000
1000 1000
1000 1000
1000 1000
1000 1000
1000 1000
1000 1000
1000 1000
1000 1000
1000 1000
1000 1000
1000 1000
1000 1000
1000 1000
1000 1000
1000 1000
1000 1000
1000 1000
1000 1000
1000 1000
1000 1000
1000 1000
1000 1000
1000 1000
1000 1000
1000 1000
1000 1000
1000 1000
1000 1000
1000 1000
1000 1000
1000 1000
1000 1000
1000 1000
1000 1000
1000 1000
1000 1000
1000 1000
1000 1000
1000 1000
1000 1000
1000 1000
1000 1000
1000 1000
1000 1000
1000 1000
1000 1000
1000 1000
1000 1000
1000 1000
1000 1000
1000 1000
1000 1000
1000 1000
1000 1000
1000 1000
1000 1000
1000 1000
1000 1000
1000 1000
1000 1000
1000 1000
1000 1000
1000 1000
1000 1000
1000 1000
1000 1000
1000 1000
1000 1000
1000 1000
1000 1000
1000 1000
1000 1000
1000 1000
1000 1000
1000 1000
1000 1000
1000 1000
1000 1000
1000 1000
1000 1000
1000 1000
1000 1000
1000 1000
1000 1000
1000 1000
1000 1000
1000 1000
1000 1000
1000 1000
1000 1000
1000 1000
1000 1000
1000 1000
1000 1000
1000 1000
1000 1000
1000 1000
1000 1000
1000 1000
1000 1000
1000 1000
1000 1000
1000 1000
1000 1000
1000 1000
1000 1000
1000 1000
1000 1000
1000 1000
1000 1000
1000 1000
1000 1000
1000 1000
1000 1000
1000 1000
1000 1000
1000 1000
1000 1000
1000 1000
1000 1000
1000 1000
1000 1000
1000 1000
1000 1000
1000 1000
1000 1000
1000 1000
1000 1000
1000 1000
1000 1000
1000 1000
1000 1000
1000 1000
1000 1000
1000 1000
1000 1000
1000 1000
1000 1000
1000 1000
1000 1000
1000 1000
1000 1000
1000 1000
1000 1000
1000 1000
1000 1000
1000 1000
1000 1000
1000 1000
1000 1000
1000 1000
1000 1000
1000 1000
1000 1000
1000 1000
1000 1000
1000 1000
1000 1000
1000 1000
1000 1000
1000 1000
1000 1000
1000 1000
1000 1000
1000 1000
1000 1000
1000 1000
1000 1000
1000 1000
1000 1000
1000 1000
1000 1000
1000 1000
1000 1000
1000 1000
1000 1000
1000 1000
1000 1000
1000 1000
1000 1000
1000 1000
1000 1000
1000 1000
1000 1000
1000 1000
1000 1000
1000 1000
1000 1000
1000 1000
1000 1000
1000 1000
1000 1000
1000 1000
1000 1000
1000 1000
1000 1000
1000 1000
1000 1000
1000 1000
1000 1000
1000 1000
1000 1000
1000 1000
1000 1000
1000 1000
1000 1000
1000 1000
1000 1000
1000 1000
1000 1000
1000 1000
1000 1000
1000 1000
1000 1000
1000 1000
1000 1000
1000 1000
1000 1000
1000 1000
1000 1000
1000 1000
1000 1000
1000 1000
1000 1000
1000 1000
1000 1000
1000 1000
1000 1000
1000 1000
1000 1000
1000 1000
1000 1000
1000 1000
1000 1000
1000 1000
1000 1000
1000 1000
1000 1000
1000 1000
1000 1000
1000 1000
1000 1000
1000 1000
1000 1000
1000 1000
1000 1000
1000 1000
1000 1000
1000 1000
1000 1000
1000 1000
1000 1000
1000 1000
1000 1000
1000 1000
1000 1000
1000 1000
1000 1000
1000 1000
1000 1000
1000 1000
1000 1000
1000 1000
1000 1000
1000 1000
1000 1000
1000 1000
1000 1000
1000 1000
1000 1000
1000 1000
1000 1000
1000 1000
1000 1000
1000 1000
1000 1000
1000 1000
1000 1000
1000 1000
1000 1000
1000 1000
1000 1000
1000 1000
1000 1000
1000 1000
1000 1000
1000 1000
1000 1000
1000 1000
1000 1000
1000 1000
1000 1000
1000 1000
1000 1000
1000 1000
1000 1000
1000 1000
1000 1000
1000 1000
1000 1000
1000 1000
1000 1000
1000 1000
1000 1000
1000 1000
1000 1000
1000 1000
1000 1000
1000 1000
1000 1000
1000 1000
1000 1000
1000 1000
1000 1000
1000 1000
1000 1000
1000 1000
1000 1000
1000 1000
1000 1000
1000 1000
1000 1000
1000 1000
1000 1000
1000 1000
1000 1000
1000 1000
1000 1000
1000 1000
1000 1000
1000 1000
1000 1000
1000 1000
1000 1000
1000 1000
1000 1000
1000 1000
1000 1000
1000 1000
1000 1000
1000 1000
1000 1000
1000 1000
1000 1000
1000 1000
1000 1000
1000 1000
1000 1000
1000 1000
1000 1000
1000 1000
1000 1000
1000 1000
1000 1000
1000 1000
1000 1000
1000 1000
1000 1000
1000 1000
1000 1000
1000 1000
1000 1000
1000 1000
1000 1000
1000 1000
1000 1000
1000 1000
1000 1000
1000 1000
1000 1000
1000 1000
1000 1000
1000 1000
1000 1000
1000 1000
1000 1000
1000 1000
1000 1000
1000 1000
1000 1000
1000 1000
1000 1000
1000 1000
1000 1000
1000 1000
1000 1000
1000 1000
1000 1000
1000 1000
1000 1000
1000 1000
1000 1000
1000 1000
1000 1000
1000 1000
1000 1000
1000 1000
1000 1000
1000 1000
1000 1000
1000 1000
1000 1000
1000 1000
1000 1000
1000 1000
1000 1000
1000 1000
1000 1000
1000 1000
1000 1000
1000 1000
1000 1000
1000 1000
1000 1000
1000 1000
1000 1000
1000 1000
1000 1000
1000 1000
1000 1000
1000 1000
1000 1000
1000 1000
1000 1000
1000 1000
1000 1000
1000 1000
1000 1000
1000 1000
1000 1000
1000 1000
1000 1000
1000 1000
1000 1000
1000 1000
1000 1000
1000 1000
1000 1000
1000 1000
1000 1000
1000 1000
1000 1000
1000 1000
1000 1000
1000 1000
1000 1000
1000 1000
1000 1000
1000 1000
1000 1000
1000 1000
1000 1000
1000 1000
1000 1000
1000 1000
1000 1000
1000 1000
1000 1000
1000 1000
1000 1000
1000 1000
1000 1000
1000 1000
1000 1000
1000 1000
1000 1000
1000 1000
1000 1000
1000 1000
1000 1000
1000 1000
1000 1000
1000 1000
1000 1000
1000 1000
1000 1000
1000 1000
1000 1000
1000 1000
1000 1000
1000 1000
1000 1000
1000 1000
1000 1000
1000 1000
1000 1000
1000 1000
1000 1000
1000 1000
1000 1000
1000 1000
1000 1000
1000 1000
1000 1000
1000 1000
1000 1000
1000 1000
1000 1000
1000 1000
1000 1000
1000 1000
1000 1000
1000 1000
1000 1000
1000 1000
1000 1000
1000 1000
1000 1000
1000 1000
1000 1000
1000 1000
1000 1000
1000 1000
1000 1000
1000 1000
1000 1000
1000 1000
1000 1000
1000 1000
1000 1000
1000 1000
1000 1000
1000 1000
1000 1000
1000 1000
1000 1000
1000 1000
1000 1000
1000 1000
1000 1000
1000 1000
1000 1000
1000 1000
1000 1000
1000 1000
1000 1000
1000 1000
1000 1000
1000 1000
1000 1000
1000 1000
1000 1000
1000 1000
1000 1000
1000 1000
1000 1000
1000 1000
1000 1000
1000 1000
1000 1000
1000 1000
1000 1000
1000 1000
1000 1000
1000 1000
1000 1000
1000 1000
1000 1000
1000 1000
1000 1000
1000 1000
1000 1000
1000 1000
1000 1000
1000 1000
1000 1000
1000 1000
1000 1000
1000 1000
1000 1000
1000 1000
1000 1000
1000 1000
1000 1000
1000 1000
1000 1000
1000 1000
1000 1000
1000 1000
1000 1000
1000 1000
1000 1000
1000 1000
1000 1000
1000 1000
1000 1000
1000 1000
1000 1000
1000 1000
1000 1000
1000 1000
1000 1000
1000 1000
1000 1000
1000 1000
1000 1000
1000 1000
1000 1000
1000 1000
1000 1000
1000 1000
1000 1000
1000 1000
1000 1000
1000 1000
1000 1000
1000 1000
1000 1000
1000 1000
1000 1000
1000 1000
1000 1000
1000 1000
1000 1000
1000 1000
1000 1000
1000 1000
1000 1000
1000 1000
1000 1000
1000 1000
1000 1000
1000 1000
1000 1000
1000 1000
1000 1000
1000 1000
1000 1000
1000 1000
1000 1000
1000 1000
1000 1000
1000 1000
1000 1000
1000 1000
1000 1000
1000 1000
1000 1000
1000 1000
1000 1000
1000 1000
1000 1000
1000 1000
1000 1000
1000 1000
1000 1000
1000 1000
1000 1000
1000 1000
1000 1000
1000 1000
1000 1000
1000 1000
1000 1000
1000 1000
1000 1000
1000 1000
1000 1000
1000 1000
1000 1000
1000 1000
1000 1000
1000 1000
1000 1000
1000 1000
1000 1000
1000 1000
1000 1000
1000 1000
1000 1000
1000 1000
1000 1000
1000 1000
1000 1000
1000 1000
1000 1000
1000 1000
1000 1000
1000 1000
1000 1000
1000 1000
1000 1000
1000 1000
1000 1000
1000 1000
1000 1000
1000 1000
1000 1000
1000 1000
1000 1000
1000 1000
1000 1000
1000 1000
1000 1000
1000 1000
1000 1000
1000 1000
1000 1000
1000 1000
1000 1000
1000 1000
1000 1000
1000 1000
1000 1000
1000 1000
1000 1000
1000 1000
1000 1000
1000 1000
1000 1000
1000 1000
1000 1000
1000 1000
1000 1000
1000 1000
1000 1000
1000 1000
1000 1000
1000 1000
1000 1000
1000 1000
1000 1000
1000 1000
1000 1000
1000 1000
1000 1000
1000 1000
1000 1000
1000 1000
1000 1000
1000 1000
1000 1000
1000 1000
1000 1000
1000 1000
1000 1000
1000 1000
1000 1000
1000 1000
1000 1000
1000 1000
1000 1000
1000 1000
1000 1000
1000 1000
1000 1000
1000 1000
1000 1000
1000 1000
1000 1000
1000 1000
1000 1000
1000 1000
1000 1000
1000 1000
1000 1000
1000 1000
1000 1000
1000 1000
1000 1000
1000 1000
1000 1000
1000 1000
1000 1000
1000 1000
1000 1000
1000 1000
1000 1000
1000 1000
1000 1000
1000 1000
1000 1000
1000 1000
1000 1000
1000 1000
1000 1000
1000 1000
1000 1000
1000 1000
1000 1000
1000 1000
1000 1000
1000 1000
1000 1000
1000 1000
1000 1000
1000 1000
1000 1000
1000 1000
1000 1000
1000 1000
1000 1000
1000 1000
1000 1000
1000 1000
1000 1000
1000 1000
1000 1000
1000 1000
1000 1000
1000 1000
1000 1000
1000 1000
1000 1000
1000 1000
1000 1000
1000 1000
1000 1000
1000 1000
1000 1000
1000 1000
1000 1000
1000 1000
1000 1000
1000 1000
1000 1000
1000 1000
1000 1000
1000 1000
1000 1000
1000 1000
1000 1000
1000 1000
1000 1000
1000 1000
1000 1000
1000 1000
1000 1000
1000 1000
1000 1000
1000 1000
1000 1000
1000 1000
1000 1000
1000 1000
1000 1000
1000 1000
1000 1000
1000 1000
1000 1000
1000 1000
1000 1000
1000 1000
1000 1000
1000 1000
1000 1000
1000 1000
1000 1000
1000 1000
1000 1000
1000 1000
1000 1000
1000 1000
1000 1000
1000 1000
1000 1000
1000 1000
1000 1000
1000 1000
1000 1000
1000 1000
1000 1000
1000 1000
1000 1000
1000 1000
1000 1000
1000 1000
1000 1000
1000 1000
1000 1000
1000 1000
1000 1000
1000 1000
1000 1000
1000 1000
1000 1000
1000 1000
1000 1000
1000 1000
1000 1000
1000 1000
1000 1000
1000 1000
1000 1000
1000 1000
1000 1000
1000 1000
1000 1000
1000 1000
1000 1000
1000 1000
1000 1000
1000 1000
1000 1000
1000 1000
1000 1000
1000 1000
1000 1000
1000 1000
1000 1000
1000 1000
1000 1000
1000 1000
1000 1000
1000 1000
1000 1000
1000 1000
1000 1000
1000 1000
1000 1000
1000 1000
1000 1000
1000 1000
1000 1000
1000 1000
1000 1000
1000 1000
1000 1000
1000 1000
1000 1000
1000 1000
1000 1000
1000 1000
1000 1000
1000 1000
1000 1000
1000 1000
1000 1000
1000 1000
1000 1000
1000 1000
1000 1000
1000 1000
1000 1000
1000 1000
1000 1000
1000 1000
1000 1000
1000 1000
1000 1000
1000 1000
1000 1000
1000 1000
1000 1000
1000 1000
1000 1000
1000 1000
1000 1000
1000 1000
1000 1000
1000 1000
1000 1000
1000 1000
1000 1000
1000 1000
1000 1000
1000 1000
1000 1000
1000 1000
1000 1000
1000 1000
1000 1000
1000 1000
1000 1000
1000 1000
1000 1000
1000 1000
1000 1000
1000 1000
1000 1000
1000 1000
1000 1000
1000 1000
1000 1000
1000 1000
1000 1000
1000 1000
1000 1000
1000 1000
1000 1000
1000 1000
1000 1000
1000 1000
1000 1000
1000 1000
1000 1000
1000 1000
1000 1000
1000 1000
1000 1000
1000 1000
1000 1000
1000 1000
1000 1000
1000 1000
1000 1000
1000 1000
1000 1000
1000 1000
1000 1000
1000 1000
1000 1000
1000 1000
1000 1000
1000 1000
1000 1000
1000 1000
1000 1000
1000 1000
1000 1000
1000 1000
1000 1000
1000 1000
1000 1000
1000 1000
1000 1000
1000 1000
1000 1000
1000 1000
1000 1000
1000 1000
1000 1000
1000 1000
1000 1000
1000 1000
1000 1000
1000 1000
1000 1000
1000 1000
1000 1000
1000 1000
1000 1000
1000 1000
1000 1000
1000 1000
1000 1000
1000 1000
1000 1000
1000 1000
1000 1000
1000 1000
1000 1000
1000 1000
1000 1000
1000 1000
1000 1000
1000 1000
1000 1000
1000 1000
1000 1000
1000 1000
1000 1000
1000 1000
1000 1000
1000 1000
1000 1000
1000 1000
1000 1000
1000 1000
1000 1000
1000 1000
1000 1000
1000 1000
1000 1000
1000 1000
1000 1000
1000 1000
1000 1000
1000 1000
1000 1000
1000 1000
1000 1000
1000 1000
1000 1000
1000 1000
1000 1000
1000 1000
1000 1000
1000 1000
1000 1000
1000 1000
1000 1000
1000 1000
1000 1000
1000 1000
1000 1000
1000 1000
1000 1000
1000 1000
1000 1000
1000 1000
1000 1000
1000 1000
1000 1000
1000 1000
1000 1000
1000 1000
1000 1000
1000 1000
1000 1000
1000 1000
1000 1000
1000 1000
1000 1000
1000 1000
1000 1000
1000 1000
1000 1000
1000 1000
1000 1000
1000 1000
1000 1000
1000 1000
1000 1000
1000 1000
1000 1000
1000 1000
1000 1000
1000 1000
1000 1000
1000 1000
1000 1000
1000 1000
1000 1000
1000 1000
1000 1000
1000 1000
1000 1000
1000 1000
1000 1000
1000 1000
1000 1000
1000 1000
1000 1000
1000 1000
1000 1000
1000 1000
1000 1000
1000 1000
1000 1000
1000 1000
1000 1000
1000 1000
1000 1000
1000 1000
1000 1000
1000 1000
1000 1000
1000 1000
1000 1000
1000 1000
1000 1000
1000 1000
1000 1000
1000 1000
1000 1000
1000 1000
1000 1000
1000 1000
1000 1000
1000 1000
1000 1000
1000 1000
1000 1000
1000 1000
1000 1000
1000 1000
1000 1000
1000 1000
1000 1000
1000 1000
1000 1000
1000 1000
1000 1000
1000 1000
1000 1000
1000 1000
1000 1000
1000 1000
1000 1000
1000 1000
1000 1000
1000 1000
1000 1000
1000 1000
1000 1000
1000 1000
1000 1000
1000 1000
1000 1000
1000 1000
1000 1000
1000 1000
1000 1000
1000 1000
1000 1000
1000 1000
1000 1000
1000 1000
1000 1000
1000 1000
1000 1000
1000 1000
1000 1000
1000 1000
1000 1000
1000 1000
1000 1000
1000 1000
1000 1000
1000 1000
1000 1000
1000 1000
1000 1000
1000 1000
1000 1000
1000 1000
1000 1000
1000 1000
1000 1000
1000 1000
1000 1000
1000 1000
1000 1000
1000 1000
1000 1000
1000 1000
1000 1000
1000 1000
1000 1000
1000 1000
1000 1000
1000 1000
1000 1000
1000 1000
1000 1000
1000 1000
1000 1000
1000 1000
1000 1000
1000 1000
1000 1000
1000 1000
1000 1000
1000 1000
1000 1000
1000 1000
1000 1000
1000 1000
1000 1000
1000 1000
1000 1000
1000 1000
1000 1000
1000 1000
1000 1000
1000 1000
1000 1000
1000 1000
1000 1000
1000 1000
1000 1000
1000 1000
1000 1000
1000 1000
1000 1000
1000 1000
1000 1000
1000 1000
1000 1000
1000 1000
1000 1000
1000 1000
1000 1000
1000 1000
1000 1000
1000 1000
1000 1000
1000 1000
1000 1000
1000 1000
1000 1000
1000 1000
1000 1000
1000 1000
1000 1000
1000 1000
1000 1000
1000 1000
1000 1000
1000 1000
1000 1000
1000 1000
1000 1000
1000 1000
1000 1000
1000 1000
1000 1000
1000 1000
1000 1000
1000 1000
1000 1000
1000 1000
1000 1000
1000 1000
1000 1000
1000 1000
1000 1000
1000 1000
1000 1000
1000 1000
1000 1000
1000 1000
1000 1000
1000 1000
1000 1000
1000 1000
1000 1000
1000 1000
1000 1000
1000 1000
1000 1000
1000 1000
1000 1000
1000 1000
1000 1000
1000 1000
1000 1000
1000 1000
1000 1000
1000 1000
1000 1000
1000 1000
1000 1000
1000 1000
1000 1000
1000 1000
1000 1000
1000 1000
1000 1000
1000 1000
1000 1000
1000 1000
1000 1000
1000 1000
1000 1000
1000 1000
1000 1000
1000 1000
1000 1000
1000 1000
1000 1000
1000 1000
1000 1000
1000 1000
1000 1000
1000 1000
1000 1000
1000 1000
1000 1000
1000 1000
1000 1000
1000 1000
1000 1000
1000 1000
1000 1000
1000 1000
1000 1000
1000 1000
1000 1000
1000 1000
1000 1000
1000 1000
1000 1000
1000 1000
1000 1000
1000 1000
1000 1000
1000 1000
1000 1000
1000 1000
1000 1000
1000 1000
1000 1000
1000 1000
1000 1000
1000 1000
1000 1000
1000 1000
1000 1000
1000 1000
1000 1000
1000 1000
1000 1000
1000 1000
1000 1000
1000 1000
1000 1000
1000 1000
1000 1000
1000 1000
1000 1000
1000 1000
1000 1000
1000 1000
1000 1000
1000 1000
1000 1000
1000 1000
1000 1000
1000 1000
1000 1000
1000 1000
1000 1000
1000 1000
1000 1000
1000 1000
1000 1000
1000 1000
1000 1000
1000 1000
1000 1000
1000 1000
1000 1000
1000 1000
1000 1000
1000 1000
1000 1000
1000 1000
1000 1000
1000 1000
1000 1000
1000 1000
1000 1000
1000 1000
1000 1000
1000 1000
1000 1000
1000 1000
1000 1000
1000 1000
1000 1000
1000 1000
1000 1000
1000 1000
1000 1000
1000 1000
1000 1000
1000 1000
1000 1000
1000 1000
1000 1000
1000 1000
1000 1000
1000 1000
1000 1000
1000 1000
1000 1000
1000 1000
1000 1000
1000 1000
1000 1000
1000 1000
1000 1000
1000 1000
1000 1000
1000 1000
1000 1000
1000 1000
1000 1000
1000 1000
1000 1000
1000 1000
1000 1000
1000 1000
1000 1000
1000 1000
1000 1000
1000 1000
1000 1000
1000 1000
1000 1000
1000 1000
1000 1000
1000 1000
1000 1000
1000 1000
1000 1000
1000 1000
1000 1000
1000 1000
1000 1000
1000 1000
1000 1000
1000 1000
1000 1000
1000 1000
1000 1000
1000 1000
1000 1000
1000 1000
1000 1000
1000 1000
1000 1000
1000 1000
1000 1000
1000 1000
1000 1000
1000 1000
1000 1000
1000 1000
1000 1000
1000 1000
1000 1000
1000 1000
1000 1000
1000 1000
1000 1000
1000 1000
1000 1000
1000 1000
1000 1000
1000 1000
1000 1000
1000 1000
1000 1000
1000 1000
1000 1000
1000 1000
1000 1000
1000 1000
1000 1000
1000 1000
1000 1000
1000 1000
1000 1000
1000 1000
1000 1000
1000 1000
1000 1000
1000 1000
1000 1000
1000 1000
1000 1000
1000 1000
1000 1000
1000 1000
1000 1000
1000 1000
1000 1000
1000 1000
1000 1000
1000 1000
1000 1000
1000 1000
1000 1000
1000 1000
1000 1000
1000 1000
1000 1000
1000 1000
1000 1000
1000 1000
1000 1000
1000 1000
1000 1000
1000 1000
1000 1000
1000 1000
1000 1000
1000 1000
1000 1000
1000 1000
1000 1000
1000 1000
1000 1000
1000 1000
1000 1000
1000 1000
1000 1000
1000 1000
1000 1000
1000 1000
1000 1000
1000 1000
1000 1000
1000 1000
1000 1000
1000 1000
1000 1000
1000 1000
1000 1000
1000 1000
1000 1000
1000 1000
1000 1000
1000 1000
1000 1000
1000 1000
1000 1000
1000 1000
1000 1000
