2728 1535
2727 1534
2726 1533
2725 1532
2724 1531
2723 1530
2722 1529
2721 1528
2720 1527
2719 1526
2718 1525
2717 1524
2716 1523
2715 1522
2714 1521
2713 1520
2712 1519
2711 1518
2710 1517
2709 1516
2708 1515
2707 1514
2706 1513
2705 1512
2704 1511
2703 1510
2702 1509
2701 1508
2700 1507
2699 1506
2698 1505
2697 1504
2696 1503
2695 1502
2694 1501
2693 1500
2692 1499
2691 1498
2690 1497
2689 1496
2688 1495
2687 1494
2686 1493
2685 1492
2684 1491
2683 1490
2682 1489
2681 1488
2680 1487
2679 1486
2678 1485
2677 1484
2676 1483
2675 1482
2674 1481
2673 1480
2672 1479
2671 1478
2670 1477
2669 1476
2668 1475
2667 1474
2666 1473
2665 1472
2664 1471
2663 1470
2662 1469
2661 1468
2660 1467
2659 1466
2658 1465
2657 1464
2656 1463
2655 1462
2654 1461
2653 1460
2652 1459
2651 1458
2650 1457
2649 1456
2648 1455
2647 1454
2646 1453
2645 1452
2644 1451
2643 1450
2642 1449
2641 1448
2640 1447
2639 1446
2638 1445
2637 1444
2636 1443
2635 1442
2634 1441
2633 1440
2632 1439
2631 1438
2630 1437
2629 1436
2628 1435
2627 1434
2626 1433
2625 1432
2624 1431
2623 1430
2622 1429
2621 1428
2620 1427
2619 1426
2618 1425
2617 1424
2616 1423
2615 1422
2614 1421
2613 1420
2612 1419
2611 1418
2610 1417
2609 1416
2608 1415
2607 1414
2606 1413
2605 1412
2604 1411
2603 1410
2602 1409
2601 1408
2600 1407
2599 1406
2598 1405
2597 1404
2596 1403
2595 1402
2594 1401
2593 1400
2592 1399
2591 1398
2590 1397
2589 1396
2588 1395
2587 1394
2586 1393
2585 1392
2584 1391
2583 1390
2582 1389
2581 1388
2580 1387
2579 1386
2578 1385
2577 1384
2576 1383
2575 1382
2574 1381
2573 1380
2572 1379
2571 1378
2570 1377
2569 1376
2568 1375
2567 1374
2566 1373
2565 1372
2564 1371
2563 1370
2562 1369
2561 1368
2560 1367
2559 1366
2558 1365
2557 1364
2556 1363
2555 1362
2554 1361
2553 1360
2552 1359
2551 1358
2550 1357
2549 1356
2548 1355
2547 1354
2546 1353
2545 1352
2544 1351
2543 1350
2542 1349
2541 1348
2540 1347
2539 1346
2538 1345
2537 1344
2536 1343
2535 1342
2534 1341
2533 1340
2532 1339
2531 1338
2530 1337
2529 1336
2528 1335
2527 1334
2526 1333
2525 1332
2524 1331
2523 1330
2522 1329
2521 1328
2520 1327
2519 1326
2518 1325
2517 1324
2516 1323
2515 1322
2514 1321
2513 1320
2512 1319
2511 1318
2510 1317
2509 1316
2508 1315
2507 1314
2506 1313
2505 1312
2504 1311
2503 1310
2502 1309
2501 1308
2500 1307
2499 1306
2498 1305
2497 1304
2496 1303
2495 1302
2494 1301
2493 1300
2492 1299
2491 1298
2490 1297
2489 1296
2488 1295
2487 1294
2486 1293
2485 1292
2484 1291
2483 1290
2482 1289
2481 1288
2480 1287
2479 1286
2478 1285
2477 1284
2476 1283
2475 1282
2474 1281
2473 1280
2472 1279
2471 1278
2470 1277
2469 1276
2468 1275
2467 1274
2466 1273
2465 1272
2464 1271
2463 1270
2462 1269
2461 1268
2460 1267
2459 1266
2458 1265
2457 1264
2456 1263
2455 1262
2454 1261
2453 1260
2452 1259
2451 1258
2450 1257
2449 1256
2448 1255
2447 1254
2446 1253
2445 1252
2444 1251
2443 1250
2442 1249
2441 1248
2440 1247
2439 1246
2438 1245
2437 1244
2436 1243
2435 1242
2434 1241
2433 1240
2432 1239
2431 1238
2430 1237
2429 1236
2428 1235
2427 1234
2426 1233
2425 1232
2424 1231
2423 1230
2422 1229
2421 1228
2420 1227
2419 1226
2418 1225
2417 1224
2416 1223
2415 1222
2414 1221
2413 1220
2412 1219
2411 1218
2410 1217
2409 1216
2408 1215
2407 1214
2406 1213
2405 1212
2404 1211
2403 1210
2402 1209
2401 1208
2400 1207
2399 1206
2398 1205
2397 1204
2396 1203
2395 1202
2394 1201
2393 1200
2392 1199
2391 1198
2390 1197
2389 1196
2388 1195
2387 1194
2386 1193
2385 1192
2384 1191
2383 1190
2382 1189
2381 1188
2380 1187
2379 1186
2378 1185
2377 1184
2376 1183
2375 1182
2374 1181
2373 1180
2372 1179
2371 1178
2370 1177
2369 1176
2368 1175
2367 1174
2366 1173
2365 1172
2364 1171
2363 1170
2362 1169
2361 1168
2360 1167
2359 1166
2358 1165
2357 1164
2356 1163
2355 1162
2354 1161
2353 1160
2352 1159
2351 1158
2350 1157
2349 1156
2348 1155
2347 1154
2346 1153
2345 1152
2344 1151
2343 1150
2342 1149
2341 1148
2340 1147
2339 1146
2338 1145
2337 1144
2336 1143
2335 1142
2334 1141
2333 1140
2332 1139
2331 1138
2330 1137
2329 1136
2328 1135
2327 1134
2326 1133
2325 1132
2324 1131
2323 1130
2322 1129
2321 1128
2320 1127
2319 1126
2318 1125
2317 1124
2316 1123
2315 1122
2314 1121
2313 1120
2312 1119
2311 1118
2310 1117
2309 1116
2308 1115
2307 1114
2306 1113
2305 1112
2304 1111
2303 1110
2302 1109
2301 1108
2300 1107
2299 1106
2298 1105
2297 1104
2296 1103
2295 1102
2294 1101
2293 1100
2292 1099
2291 1098
2290 1097
2289 1096
2288 1095
2287 1094
2286 1093
2285 1092
2284 1091
2283 1090
2282 1089
2281 1088
2280 1087
2279 1086
2278 1085
2277 1084
2276 1083
2275 1082
2274 1081
2273 1080
2272 1079
2271 1078
2270 1077
2269 1076
2268 1075
2267 1074
2266 1073
2265 1072
2264 1071
2263 1070
2262 1069
2261 1068
2260 1067
2259 1066
2258 1065
2257 1064
2256 1063
2255 1062
2254 1061
2253 1060
2252 1059
2251 1058
2250 1057
2249 1056
2248 1055
2247 1054
2246 1053
2245 1052
2244 1051
2243 1050
2242 1049
2241 1048
2240 1047
2239 1046
2238 1045
2237 1044
2236 1043
2235 1042
2234 1041
2233 1040
2232 1039
2231 1038
2230 1037
2229 1036
2228 1035
2227 1034
2226 1033
2225 1032
2224 1031
2223 1030
2222 1029
2221 1028
2220 1027
2219 1026
2218 1025
2217 1024
2216 1023
2215 1022
2214 1021
2213 1020
2212 1019
2211 1018
2210 1017
2209 1016
2208 1015
2207 1014
2206 1013
2205 1012
2204 1011
2203 1010
2202 1009
2201 1008
2200 1007
2199 1006
2198 1005
2197 1004
2196 1003
2195 1002
2194 1001
2193 1000
2192 999
2191 998
2190 997
2189 996
2188 995
2187 994
2186 993
2185 992
2184 991
2183 990
2182 989
2181 988
2180 987
2179 986
2178 985
2177 984
2176 983
2175 982
2174 981
2173 980
2172 979
2171 978
2170 977
2169 976
2168 975
2167 974
2166 973
2165 972
2164 971
2163 970
2162 969
2161 968
2160 967
2159 966
2158 965
2157 964
2156 963
2155 962
2154 961
2153 960
2152 959
2151 958
2150 957
2149 956
2148 955
2147 954
2146 953
2145 952
2144 951
2143 950
2142 949
2141 948
2140 947
2139 946
2138 945
2137 944
2136 943
2135 942
2134 941
2133 940
2132 939
2131 938
2130 937
2129 936
2128 935
2127 934
2126 933
2125 932
2124 931
2123 930
2122 929
2121 928
2120 927
2119 926
2118 925
2117 924
2116 923
2115 922
2114 921
2113 920
2112 919
2111 918
2110 917
2109 916
2108 915
2107 914
2106 913
2105 912
2104 911
2103 910
2102 909
2101 908
2100 907
2099 906
2098 905
2097 904
2096 903
2095 902
2094 901
2093 900
2092 899
2091 898
2090 897
2089 896
2088 895
2087 894
2086 893
2085 892
2084 891
2083 890
2082 889
2081 888
2080 887
2079 886
2078 885
2077 884
2076 883
2075 882
2074 881
2073 880
2072 879
2071 878
2070 877
2069 876
2068 875
2067 874
2066 873
2065 872
2064 871
2063 870
2062 869
2061 868
2060 867
2059 866
2058 865
2057 864
2056 863
2055 862
2054 861
2053 860
2052 859
2051 858
2050 857
2049 856
2048 855
2047 854
2046 853
2045 852
2044 851
2043 850
2042 849
2041 848
2040 847
2039 846
2038 845
2037 844
2036 843
2035 842
2034 841
2033 840
2032 839
2031 838
2030 837
2029 836
2028 835
2027 834
2026 833
2025 832
2024 831
2023 830
2022 829
2021 828
2020 827
2019 826
2018 825
2017 824
2016 823
2015 822
2014 821
2013 820
2012 819
2011 818
2010 817
2009 816
2008 815
2007 814
2006 813
2005 812
2004 811
2003 810
2002 809
2001 808
2000 807
1999 806
1998 805
1997 804
1996 803
1995 802
1994 801
1993 800
1992 799
1991 798
1990 797
1989 796
1988 795
1987 794
1986 793
1985 792
1984 791
1983 790
1982 789
1981 788
1980 787
1979 786
1978 785
1977 784
1976 783
1975 782
1974 781
1973 780
1972 779
1971 778
1970 777
1969 776
1968 775
1967 774
1966 773
1965 772
1964 771
1963 770
1962 769
1961 768
1960 767
1959 766
1958 765
1957 764
1956 763
1955 762
1954 761
1953 760
1952 759
1951 758
1950 757
1949 756
1948 755
1947 754
1946 753
1945 752
1944 751
1943 750
1942 749
1941 748
1940 747
1939 746
1938 745
1937 744
1936 743
1935 742
1934 741
1933 740
1932 739
1931 738
1930 737
1929 736
1928 735
1927 734
1926 733
1925 732
1924 731
1923 730
1922 729
1921 728
1920 727
1919 726
1918 725
1917 724
1916 723
1915 722
1914 721
1913 720
1912 719
1911 718
1910 717
1909 716
1908 715
1907 714
1906 713
1905 712
1904 711
1903 710
1902 709
1901 708
1900 707
1899 706
1898 705
1897 704
1896 703
1895 702
1894 701
1893 700
1892 699
1891 698
1890 697
1889 696
1888 695
1887 694
1886 693
1885 692
1884 691
1883 690
1882 689
1881 688
1880 687
1879 686
1878 685
1877 684
1876 683
1875 682
1874 681
1873 680
1872 679
1871 678
1870 677
1869 676
1868 675
1867 674
1866 673
1865 672
1864 671
1863 670
1862 669
1861 668
1860 667
1859 666
1858 665
1857 664
1856 663
1855 662
1854 661
1853 660
1852 659
1851 658
1850 657
1849 656
1848 655
1847 654
1846 653
1845 652
1844 651
1843 650
1842 649
1841 648
1840 647
1839 646
1838 645
1837 644
1836 643
1835 642
1834 641
1833 640
1832 639
1831 638
1830 637
1829 636
1828 635
1827 634
1826 633
1825 632
1824 631
1823 630
1822 629
1821 628
1820 627
1819 626
1818 625
1817 624
1816 623
1815 622
1814 621
1813 620
1812 619
1811 618
1810 617
1809 616
1808 615
1807 614
1806 613
1805 612
1804 611
1803 610
1802 609
1801 608
1800 607
1799 606
1798 605
1797 604
1796 603
1795 602
1794 601
1793 600
1792 599
1791 598
1790 597
1789 596
1788 595
1787 594
1786 593
1785 592
1784 591
1783 590
1782 589
1781 588
1780 587
1779 586
1778 585
1777 584
1776 583
1775 582
1774 581
1773 580
1772 579
1771 578
1770 577
1769 576
1768 575
1767 574
1766 573
1765 572
1764 571
1763 570
1762 569
1761 568
1760 567
1759 566
1758 565
1757 564
1756 563
1755 562
1754 561
1753 560
1752 559
1751 558
1750 557
1749 556
1748 555
1747 554
1746 553
1745 552
1744 551
1743 550
1742 549
1741 548
1740 547
1739 546
1738 545
1737 544
1736 543
1735 542
1734 541
1733 540
1732 539
1731 538
1730 537
1729 536
1728 535
1727 534
1726 533
1725 532
1724 531
1723 530
1722 529
1721 528
1720 527
1719 526
1718 525
1717 524
1716 523
1715 522
1714 521
1713 520
1712 519
1711 518
1710 517
1709 516
1708 515
1707 514
1706 513
1705 512
1704 511
1703 510
1702 509
1701 508
1700 507
1699 506
1698 505
1697 504
1696 503
1695 502
1694 501
1693 500
1692 499
1691 498
1690 497
1689 496
1688 495
1687 494
1686 493
1685 492
1684 491
1683 490
1682 489
1681 488
1680 487
1679 486
1678 485
1677 484
1676 483
1675 482
1674 481
1673 480
1672 479
1671 478
1670 477
1669 476
1668 475
1667 474
1666 473
1665 472
1664 471
1663 470
1662 469
1661 468
1660 467
1659 466
1658 465
1657 464
1656 463
1655 462
1654 461
1653 460
1652 459
1651 458
1650 457
1649 456
1648 455
1647 454
1646 453
1645 452
1644 451
1643 450
1642 449
1641 448
1640 447
1639 446
1638 445
1637 444
1636 443
1635 442
1634 441
1633 440
1632 439
1631 438
1630 437
1629 436
1628 435
1627 434
1626 433
1625 432
1624 431
1623 430
1622 429
1621 428
1620 427
1619 426
1618 425
1617 424
1616 423
1615 422
1614 421
1613 420
1612 419
1611 418
1610 417
1609 416
1608 415
1607 414
1606 413
1605 412
1604 411
1603 410
1602 409
1601 408
1600 407
1599 406
1598 405
1597 404
1596 403
1595 402
1594 401
1593 400
1592 399
1591 398
1590 397
1589 396
1588 395
1587 394
1586 393
1585 392
1584 391
1583 390
1582 389
1581 388
1580 387
1579 386
1578 385
1577 384
1576 383
1575 382
1574 381
1573 380
1572 379
1571 378
1570 377
1569 376
1568 375
1567 374
1566 373
1565 372
1564 371
1563 370
1562 369
1561 368
1560 367
1559 366
1558 365
1557 364
1556 363
1555 362
1554 361
1553 360
1552 359
1551 358
1550 357
1549 356
1548 355
1547 354
1546 353
1545 352
1544 351
1543 350
1542 349
1541 348
1540 347
1539 346
1538 345
1537 344
1536 343
1535 342
1534 341
1533 340
1532 339
1531 338
1530 337
1529 336
1528 335
1527 334
1526 333
1525 332
1524 331
1523 330
1522 329
1521 328
1520 327
1519 326
1518 325
1517 324
1516 323
1515 322
1514 321
1513 320
1512 319
1511 318
1510 317
1509 316
1508 315
1507 314
1506 313
1505 312
1504 311
1503 310
1502 309
1501 308
1500 307
1499 306
1498 305
1497 304
1496 303
1495 302
1494 301
1493 300
1492 299
1491 298
1490 297
1489 296
1488 295
1487 294
1486 293
1485 292
1484 291
1483 290
1482 289
1481 288
1480 287
1479 286
1478 285
1477 284
1476 283
1475 282
1474 281
1473 280
1472 279
1471 278
1470 277
1469 276
1468 275
1467 274
1466 273
1465 272
1464 271
1463 270
1462 269
1461 268
1460 267
1459 266
1458 265
1457 264
1456 263
1455 262
1454 261
1453 260
1452 259
1451 258
1450 257
1449 256
1448 255
1447 254
1446 253
1445 252
1444 251
1443 250
1442 249
1441 248
1440 247
1439 246
1438 245
1437 244
1436 243
1435 242
1434 241
1433 240
1432 239
1431 238
1430 237
1429 236
1428 235
1427 234
1426 233
1425 232
1424 231
1423 230
1422 229
1421 228
1420 227
1419 226
1418 225
1417 224
1416 223
1415 222
1414 221
1413 220
1412 219
1411 218
1410 217
1409 216
1408 215
1407 214
1406 213
1405 212
1404 211
1403 210
1402 209
1401 208
1400 207
1399 206
1398 205
1397 204
1396 203
1395 202
1394 201
1393 200
1392 199
1391 198
1390 197
1389 196
1388 195
1387 194
1386 193
1385 192
1384 191
1383 190
1382 189
1381 188
1380 187
1379 186
1378 185
1377 184
1376 183
1375 182
1374 181
1373 180
1372 179
1371 178
1370 177
1369 176
1368 175
1367 174
1366 173
1365 172
1364 171
1363 170
1362 169
1361 168
1360 167
1359 166
1358 165
1357 164
1356 163
1355 162
1354 161
1353 160
1352 159
1351 158
1350 157
1349 156
1348 155
1347 154
1346 153
1345 152
1344 151
1343 150
1342 149
1341 148
1340 147
1339 146
1338 145
1337 144
1336 143
1335 142
1334 141
1333 140
1332 139
1331 138
1330 137
1329 136
1328 135
1327 134
1326 133
1325 132
1324 131
1323 130
1322 129
1321 128
1320 127
1319 126
1318 125
1317 124
1316 123
1315 122
1314 121
1313 120
1312 119
1311 118
1310 117
1309 116
1308 115
1307 114
1306 113
1305 112
1304 111
1303 110
1302 109
1301 108
1300 107
1299 106
1298 105
1297 104
1296 103
1295 102
1294 101
1293 100
1292 99
1291 98
1290 97
1289 96
1288 95
1287 94
1286 93
1285 92
1284 91
1283 90
1282 89
1281 88
1280 87
1279 86
1278 85
1277 84
1276 83
1275 82
1274 81
1273 80
1272 79
1271 78
1270 77
1269 76
1268 75
1267 74
1266 73
1265 72
1264 71
1263 70
1262 69
1261 68
1260 67
1259 66
1258 65
1257 64
1256 63
1255 62
1254 61
1253 60
1252 59
1251 58
1250 57
1249 56
1248 55
1247 54
1246 53
1245 52
1244 51
1243 50
1242 49
1241 48
1240 47
1239 46
1238 45
1237 44
1236 43
1235 42
1234 41
1233 40
1232 39
1231 38
1230 37
1229 36
1228 35
1227 34
1226 33
1225 32
1224 31
1223 30
1222 29
1221 28
1220 27
1219 26
1218 25
1217 24
1216 23
1215 22
1214 21
1213 20
1212 19
1211 18
1210 17
1209 16
1208 15
1207 14
1206 13
1205 12
1204 11
1203 10
1202 9
1201 8
1200 7
1199 6
1198 5
1197 4
1196 3
1195 2
1194 1
1193 0
1192 1246
1191 1245
1190 1244
1189 1243
1188 1242
1187 1241
1186 1240
1185 1239
1184 1238
1183 1237
1182 1236
1181 1235
1180 1234
1179 1233
1178 1232
1177 1231
1176 1230
1175 1229
1174 1228
1173 1227
1172 1226
1171 1225
1170 1224
1169 1223
1168 1222
1167 1221
1166 1220
1165 1219
1164 1218
1163 1217
1162 1216
1161 1215
1160 1214
1159 1213
1158 1212
1157 1211
1156 1210
1155 1209
1154 1208
1153 1207
1152 1206
1151 1205
1150 1204
1149 1203
1148 1202
1147 1201
1146 1200
1145 1199
1144 1198
1143 1197
1142 1196
1141 1195
1140 1194
1139 1193
1138 1192
1137 1191
1136 1190
1135 1189
1134 1188
1133 1187
1132 1186
1131 1185
1130 1184
1129 1183
1128 1182
1127 1181
1126 1180
1125 1179
1124 1178
1123 1177
1122 1176
1121 1175
1120 1174
1119 1173
1118 1172
1117 1171
1116 1170
1115 1169
1114 1168
1113 1167
1112 1166
1111 1165
1110 1164
1109 1163
1108 1162
1107 1161
1106 1160
1105 1159
1104 1158
1103 1157
1102 1156
1101 1155
1100 1154
1099 1153
1098 1152
1097 1151
1096 1150
1095 1149
1094 1148
1093 1147
1092 1146
1091 1145
1090 1144
1089 1143
1088 1142
1087 1141
1086 1140
1085 1139
1084 1138
1083 1137
1082 1136
1081 1135
1080 1134
1079 1133
1078 1132
1077 1131
1076 1130
1075 1129
1074 1128
1073 1127
1072 1126
1071 1125
1070 1124
1069 1123
1068 1122
1067 1121
1066 1120
1065 1119
1064 1118
1063 1117
1062 1116
1061 1115
1060 1114
1059 1113
1058 1112
1057 1111
1056 1110
1055 1109
1054 1108
1053 1107
1052 1106
1051 1105
1050 1104
1049 1103
1048 1102
1047 1101
1046 1100
1045 1099
1044 1098
1043 1097
1042 1096
1041 1095
1040 1094
1039 1093
1038 1092
1037 1091
1036 1090
1035 1089
1034 1088
1033 1087
1032 1086
1031 1085
1030 1084
1029 1083
1028 1082
1027 1081
1026 1080
1025 1079
1024 1078
1023 1077
1022 1076
1021 1075
1020 1074
1019 1073
1018 1072
1017 1071
1016 1070
1015 1069
1014 1068
1013 1067
1012 1066
1011 1065
1010 1064
1009 1063
1008 1062
1007 1061
1006 1060
1005 1059
1004 1058
1003 1057
1002 1056
1001 1055
1000 1054
999 1053
998 1052
997 1051
996 1050
995 1049
994 1048
993 1047
992 1046
991 1045
990 1044
989 1043
988 1042
987 1041
986 1040
985 1039
984 1038
983 1037
982 1036
981 1035
980 1034
979 1033
978 1032
977 1031
976 1030
975 1029
974 1028
973 1027
972 1026
971 1025
970 1024
969 1023
968 1022
967 1021
966 1020
965 1019
964 1018
963 1017
962 1016
961 1015
960 1014
959 1013
958 1012
957 1011
956 1010
955 1009
954 1008
953 1007
952 1006
951 1005
950 1004
949 1003
948 1002
947 1001
946 1000
945 999
944 998
943 997
942 996
941 995
940 994
939 993
938 992
937 991
936 990
935 989
934 988
933 987
932 986
931 985
930 984
929 983
928 982
927 981
926 980
925 979
924 978
923 977
922 976
921 975
920 974
919 973
918 972
917 971
916 970
915 969
914 968
913 967
912 966
911 965
910 964
909 963
908 962
907 961
906 960
905 959
904 958
903 957
902 956
901 955
900 954
899 953
898 952
897 951
896 950
895 949
894 948
893 947
892 946
891 945
890 944
889 943
888 942
887 941
886 940
885 939
884 938
883 937
882 936
881 935
880 934
879 933
878 932
877 931
876 930
875 929
874 928
873 927
872 926
871 925
870 924
869 923
868 922
867 921
866 920
865 919
864 918
863 917
862 916
861 915
860 914
859 913
858 912
857 911
856 910
855 909
854 908
853 907
852 906
851 905
850 904
849 903
848 902
847 901
846 900
845 899
844 898
843 897
842 896
841 895
840 894
839 893
838 892
837 891
836 890
835 889
834 888
833 887
832 886
831 885
830 884
829 883
828 882
827 881
826 880
825 879
824 878
823 877
822 876
821 875
820 874
819 873
818 872
817 871
816 870
815 869
814 868
813 867
812 866
811 865
810 864
809 863
808 862
807 861
806 860
805 859
804 858
803 857
802 856
801 855
800 854
799 853
798 852
797 851
796 850
795 849
794 848
793 847
792 846
791 845
790 844
789 843
788 842
787 841
786 840
785 839
784 838
783 837
782 836
781 835
780 834
779 833
778 832
777 831
776 830
775 829
774 828
773 827
772 826
771 825
770 824
769 823
768 822
767 821
766 820
765 819
764 818
763 817
762 816
761 815
760 814
759 813
758 812
757 811
756 810
755 809
754 808
753 807
752 806
751 805
750 804
749 803
748 802
747 801
746 800
745 799
744 798
743 797
742 796
741 795
740 794
739 793
738 792
737 791
736 790
735 789
734 788
733 787
732 786
731 785
730 784
729 783
728 782
727 781
726 780
725 779
724 778
723 777
722 776
721 775
720 774
719 773
718 772
717 771
716 770
715 769
714 768
713 767
712 766
711 765
710 764
709 763
708 762
707 761
706 760
705 759
704 758
703 757
702 756
701 755
700 754
699 753
698 752
697 751
696 750
695 749
694 748
693 747
692 746
691 745
690 744
689 743
688 742
687 741
686 740
685 739
684 738
683 737
682 736
681 735
680 734
679 733
678 732
677 731
676 730
675 729
674 728
673 727
672 726
671 725
670 724
669 723
668 722
667 721
666 720
665 719
664 718
663 717
662 716
661 715
660 714
659 713
658 712
657 711
656 710
655 709
654 708
653 707
652 706
651 705
650 704
649 703
648 702
647 701
646 700
645 699
644 698
643 697
642 696
641 695
640 694
639 693
638 692
637 691
636 690
635 689
634 688
633 687
632 686
631 685
630 684
629 683
628 682
627 681
626 680
625 679
624 678
623 677
622 676
621 675
620 674
619 673
618 672
617 671
616 670
615 669
614 668
613 667
612 666
611 665
610 664
609 663
608 662
607 661
606 660
605 659
604 658
603 657
602 656
601 655
600 654
599 653
598 652
597 651
596 650
595 649
594 648
593 647
592 646
591 645
590 644
589 643
588 642
587 641
586 640
585 639
584 638
583 637
582 636
581 635
580 634
579 633
578 632
577 631
576 630
575 629
574 628
573 627
572 626
571 625
570 624
569 623
568 622
567 621
566 620
565 619
564 618
563 617
562 616
561 615
560 614
559 613
558 612
557 611
556 610
555 609
554 608
553 607
552 606
551 605
550 604
549 603
548 602
547 601
546 600
545 599
544 598
543 597
542 596
541 595
540 594
539 593
538 592
537 591
536 590
535 589
534 588
533 587
532 586
531 585
530 584
529 583
528 582
527 581
526 580
525 579
524 578
523 577
522 576
521 575
520 574
519 573
518 572
517 571
516 570
515 569
514 568
513 567
512 566
511 565
510 564
509 563
508 562
507 561
506 560
505 559
504 558
503 557
502 556
501 555
500 554
499 553
498 552
497 551
496 550
495 549
494 548
493 547
492 546
491 545
490 544
489 543
488 542
487 541
486 540
485 539
484 538
483 537
482 536
481 535
480 534
479 533
478 532
477 531
476 530
475 529
474 528
473 527
472 526
471 525
470 524
469 523
468 522
467 521
466 520
465 519
464 518
463 517
462 516
461 515
460 514
459 513
458 512
457 511
456 510
455 509
454 508
453 507
452 506
451 505
450 504
449 503
448 502
447 501
446 500
445 499
444 498
443 497
442 496
441 495
440 494
439 493
438 492
437 491
436 490
435 489
434 488
433 487
432 486
431 485
430 484
429 483
428 482
427 481
426 480
425 479
424 478
423 477
422 476
421 475
420 474
419 473
418 472
417 471
416 470
415 469
414 468
413 467
412 466
411 465
410 464
409 463
408 462
407 461
406 460
405 459
404 458
403 457
402 456
401 455
400 454
399 453
398 452
397 451
396 450
395 449
394 448
393 447
392 446
391 445
390 444
389 443
388 442
387 441
386 440
385 439
384 438
383 437
382 436
381 435
380 434
379 433
378 432
377 431
376 430
375 429
374 428
373 427
372 426
371 425
370 424
369 423
368 422
367 421
366 420
365 419
364 418
363 417
362 416
361 415
360 414
359 413
358 412
357 411
356 410
355 409
354 408
353 407
352 406
351 405
350 404
349 403
348 402
347 401
346 400
345 399
344 398
343 397
342 396
341 395
340 394
339 393
338 392
337 391
336 390
335 389
334 388
333 387
332 386
331 385
330 384
329 383
328 382
327 381
326 380
325 379
324 378
323 377
322 376
321 375
320 374
319 373
318 372
317 371
316 370
315 369
314 368
313 367
312 366
311 365
310 364
309 363
308 362
307 361
306 360
305 359
304 358
303 357
302 356
301 355
300 354
299 353
298 352
297 351
296 350
295 349
294 348
293 347
292 346
291 345
290 344
289 343
288 342
287 341
286 340
285 339
284 338
283 337
282 336
281 335
280 334
279 333
278 332
277 331
276 330
275 329
274 328
273 327
272 326
271 325
270 324
269 323
268 322
267 321
266 320
265 319
264 318
263 317
262 316
261 315
260 314
259 313
258 312
257 311
256 310
255 309
254 308
253 307
252 306
251 305
250 304
249 303
248 302
247 301
246 300
245 299
244 298
243 297
242 296
241 295
240 294
239 293
238 292
237 291
236 290
235 289
234 288
233 287
232 286
231 285
230 284
229 283
228 282
227 281
226 280
225 279
224 278
223 277
222 276
221 275
220 274
219 273
218 272
217 271
216 270
215 269
214 268
213 267
212 266
211 265
210 264
209 263
208 262
207 261
206 260
205 259
204 258
203 257
202 256
201 255
200 254
199 253
198 252
197 251
196 250
195 249
194 248
193 247
192 246
191 245
190 244
189 243
188 242
187 241
186 240
185 239
184 238
183 237
182 236
181 235
180 234
179 233
178 232
177 231
176 230
175 229
174 228
173 227
172 226
171 225
170 224
169 223
168 222
167 221
166 220
165 219
164 218
163 217
162 216
161 215
160 214
159 213
158 212
157 211
156 210
155 209
154 208
153 207
152 206
151 205
150 204
149 203
148 202
147 201
146 200
145 199
144 198
143 197
142 196
141 195
140 194
139 193
138 192
137 191
136 190
135 189
134 188
133 187
132 186
131 185
130 184
129 183
128 182
127 181
126 180
125 179
124 178
123 177
122 176
121 175
120 174
119 173
118 172
117 171
116 170
115 169
114 168
113 167
112 166
111 165
110 164
109 163
108 162
107 161
106 160
105 159
104 158
103 157
102 156
101 155
100 154
99 153
98 152
97 151
96 150
95 149
94 148
93 147
92 146
91 145
90 144
89 143
88 142
87 141
86 140
85 139
84 138
83 137
82 136
81 135
80 134
79 133
78 132
77 131
76 130
75 129
74 128
73 127
72 126
71 125
70 124
69 123
68 122
67 121
66 120
65 119
64 118
63 117
62 116
61 115
60 114
59 113
58 112
57 111
56 110
55 109
54 108
53 107
52 106
51 105
50 104
49 103
48 102
47 101
46 100
45 99
44 98
43 97
42 96
41 95
40 94
39 93
38 92
37 91
36 90
35 89
34 88
33 87
32 86
31 85
30 84
29 83
28 82
27 81
26 80
25 79
24 78
23 77
22 76
21 75
20 74
19 73
18 72
17 71
16 70
15 69
14 68
13 67
12 66
11 65
10 64
9 63
8 62
7 61
6 60
5 59
4 58
3 57
2 56
1 55
0 54
1000 53
1000 52
1000 51
1000 50
1000 49
1000 48
1000 47
1000 46
1000 45
1000 44
1000 43
1000 42
1000 41
1000 40
1000 39
1000 38
1000 37
1000 36
1000 35
1000 34
1000 33
1000 32
1000 31
1000 30
1000 29
1000 28
1000 27
1000 26
1000 25
1000 24
1000 23
1000 22
1000 21
1000 20
1000 19
1000 18
1000 17
1000 16
1000 15
1000 14
1000 13
1000 12
1000 11
1000 10
1000 9
1000 8
1000 7
1000 6
1000 5
1000 4
1000 3
1000 2
1000 1
1000 0
1000 1000
1000 1000
1000 1000
1000 1000
1000 1000
1000 1000
1000 1000
1000 1000
1000 1000
1000 1000
1000 1000
1000 1000
1000 1000
1000 1000
1000 1000
1000 1000
1000 1000
1000 1000
1000 1000
1000 1000
1000 1000
1000 1000
1000 1000
1000 1000
1000 1000
1000 1000
1000 1000
1000 1000
1000 1000
1000 1000
1000 1000
1000 1000
1000 1000
1000 1000
1000 1000
1000 1000
1000 1000
1000 1000
1000 1000
1000 1000
1000 1000
1000 1000
1000 1000
1000 1000
1000 1000
1000 1000
1000 1000
1000 1000
1000 1000
1000 1000
1000 1000
1000 1000
1000 1000
1000 1000
1000 1000
1000 1000
1000 1000
1000 1000
1000 1000
1000 1000
1000 1000
1000 1000
1000 1000
1000 1000
1000 1000
1000 1000
1000 1000
1000 1000
1000 1000
1000 1000
1000 1000
1000 1000
1000 1000
1000 1000
1000 1000
1000 1000
1000 1000
1000 1000
1000 1000
1000 1000
1000 1000
1000 1000
1000 1000
1000 1000
1000 1000
1000 1000
1000 1000
1000 1000
1000 1000
1000 1000
1000 1000
1000 1000
1000 1000
1000 1000
1000 1000
1000 1000
1000 1000
1000 1000
1000 1000
1000 1000
1000 1000
1000 1000
1000 1000
1000 1000
1000 1000
1000 1000
1000 1000
1000 1000
1000 1000
1000 1000
1000 1000
1000 1000
1000 1000
1000 1000
1000 1000
1000 1000
1000 1000
1000 1000
1000 1000
1000 1000
1000 1000
1000 1000
1000 1000
1000 1000
1000 1000
1000 1000
1000 1000
1000 1000
1000 1000
1000 1000
1000 1000
1000 1000
1000 1000
1000 1000
1000 1000
1000 1000
1000 1000
1000 1000
1000 1000
1000 1000
1000 1000
1000 1000
1000 1000
1000 1000
1000 1000
1000 1000
1000 1000
1000 1000
1000 1000
1000 1000
1000 1000
1000 1000
1000 1000
1000 1000
1000 1000
1000 1000
1000 1000
1000 1000
1000 1000
1000 1000
1000 1000
1000 1000
1000 1000
1000 1000
1000 1000
1000 1000
1000 1000
1000 1000
1000 1000
1000 1000
1000 1000
1000 1000
1000 1000
1000 1000
1000 1000
1000 1000
1000 1000
1000 1000
1000 1000
1000 1000
1000 1000
1000 1000
1000 1000
1000 1000
1000 1000
1000 1000
1000 1000
1000 1000
1000 1000
1000 1000
1000 1000
1000 1000
1000 1000
1000 1000
1000 1000
1000 1000
1000 1000
1000 1000
1000 1000
1000 1000
1000 1000
1000 1000
1000 1000
1000 1000
1000 1000
1000 1000
1000 1000
1000 1000
1000 1000
1000 1000
1000 1000
1000 1000
1000 1000
1000 1000
1000 1000
1000 1000
1000 1000
1000 1000
1000 1000
1000 1000
1000 1000
1000 1000
1000 1000
1000 1000
1000 1000
1000 1000
1000 1000
1000 1000
1000 1000
1000 1000
1000 1000
1000 1000
1000 1000
1000 1000
1000 1000
1000 1000
1000 1000
1000 1000
1000 1000
1000 1000
1000 1000
1000 1000
1000 1000
1000 1000
1000 1000
1000 1000
1000 1000
1000 1000
1000 1000
1000 1000
1000 1000
1000 1000
1000 1000
1000 1000
1000 1000
1000 1000
1000 1000
1000 1000
1000 1000
1000 1000
1000 1000
1000 1000
1000 1000
1000 1000
1000 1000
1000 1000
1000 1000
1000 1000
1000 1000
1000 1000
1000 1000
1000 1000
1000 1000
1000 1000
1000 1000
1000 1000
1000 1000
1000 1000
1000 1000
1000 1000
1000 1000
1000 1000
1000 1000
1000 1000
1000 1000
1000 1000
1000 1000
1000 1000
1000 1000
