2656 1535
2655 1534
2654 1533
2653 1532
2652 1531
2651 1530
2650 1529
2649 1528
2648 1527
2647 1526
2646 1525
2645 1524
2644 1523
2643 1522
2642 1521
2641 1520
2640 1519
2639 1518
2638 1517
2637 1516
2636 1515
2635 1514
2634 1513
2633 1512
2632 1511
2631 1510
2630 1509
2629 1508
2628 1507
2627 1506
2626 1505
2625 1504
2624 1503
2623 1502
2622 1501
2621 1500
2620 1499
2619 1498
2618 1497
2617 1496
2616 1495
2615 1494
2614 1493
2613 1492
2612 1491
2611 1490
2610 1489
2609 1488
2608 1487
2607 1486
2606 1485
2605 1484
2604 1483
2603 1482
2602 1481
2601 1480
2600 1479
2599 1478
2598 1477
2597 1476
2596 1475
2595 1474
2594 1473
2593 1472
2592 1471
2591 1470
2590 1469
2589 1468
2588 1467
2587 1466
2586 1465
2585 1464
2584 1463
2583 1462
2582 1461
2581 1460
2580 1459
2579 1458
2578 1457
2577 1456
2576 1455
2575 1454
2574 1453
2573 1452
2572 1451
2571 1450
2570 1449
2569 1448
2568 1447
2567 1446
2566 1445
2565 1444
2564 1443
2563 1442
2562 1441
2561 1440
2560 1439
2559 1438
2558 1437
2557 1436
2556 1435
2555 1434
2554 1433
2553 1432
2552 1431
2551 1430
2550 1429
2549 1428
2548 1427
2547 1426
2546 1425
2545 1424
2544 1423
2543 1422
2542 1421
2541 1420
2540 1419
2539 1418
2538 1417
2537 1416
2536 1415
2535 1414
2534 1413
2533 1412
2532 1411
2531 1410
2530 1409
2529 1408
2528 1407
2527 1406
2526 1405
2525 1404
2524 1403
2523 1402
2522 1401
2521 1400
2520 1399
2519 1398
2518 1397
2517 1396
2516 1395
2515 1394
2514 1393
2513 1392
2512 1391
2511 1390
2510 1389
2509 1388
2508 1387
2507 1386
2506 1385
2505 1384
2504 1383
2503 1382
2502 1381
2501 1380
2500 1379
2499 1378
2498 1377
2497 1376
2496 1375
2495 1374
2494 1373
2493 1372
2492 1371
2491 1370
2490 1369
2489 1368
2488 1367
2487 1366
2486 1365
2485 1364
2484 1363
2483 1362
2482 1361
2481 1360
2480 1359
2479 1358
2478 1357
2477 1356
2476 1355
2475 1354
2474 1353
2473 1352
2472 1351
2471 1350
2470 1349
2469 1348
2468 1347
2467 1346
2466 1345
2465 1344
2464 1343
2463 1342
2462 1341
2461 1340
2460 1339
2459 1338
2458 1337
2457 1336
2456 1335
2455 1334
2454 1333
2453 1332
2452 1331
2451 1330
2450 1329
2449 1328
2448 1327
2447 1326
2446 1325
2445 1324
2444 1323
2443 1322
2442 1321
2441 1320
2440 1319
2439 1318
2438 1317
2437 1316
2436 1315
2435 1314
2434 1313
2433 1312
2432 1311
2431 1310
2430 1309
2429 1308
2428 1307
2427 1306
2426 1305
2425 1304
2424 1303
2423 1302
2422 1301
2421 1300
2420 1299
2419 1298
2418 1297
2417 1296
2416 1295
2415 1294
2414 1293
2413 1292
2412 1291
2411 1290
2410 1289
2409 1288
2408 1287
2407 1286
2406 1285
2405 1284
2404 1283
2403 1282
2402 1281
2401 1280
2400 1279
2399 1278
2398 1277
2397 1276
2396 1275
2395 1274
2394 1273
2393 1272
2392 1271
2391 1270
2390 1269
2389 1268
2388 1267
2387 1266
2386 1265
2385 1264
2384 1263
2383 1262
2382 1261
2381 1260
2380 1259
2379 1258
2378 1257
2377 1256
2376 1255
2375 1254
2374 1253
2373 1252
2372 1251
2371 1250
2370 1249
2369 1248
2368 1247
2367 1246
2366 1245
2365 1244
2364 1243
2363 1242
2362 1241
2361 1240
2360 1239
2359 1238
2358 1237
2357 1236
2356 1235
2355 1234
2354 1233
2353 1232
2352 1231
2351 1230
2350 1229
2349 1228
2348 1227
2347 1226
2346 1225
2345 1224
2344 1223
2343 1222
2342 1221
2341 1220
2340 1219
2339 1218
2338 1217
2337 1216
2336 1215
2335 1214
2334 1213
2333 1212
2332 1211
2331 1210
2330 1209
2329 1208
2328 1207
2327 1206
2326 1205
2325 1204
2324 1203
2323 1202
2322 1201
2321 1200
2320 1199
2319 1198
2318 1197
2317 1196
2316 1195
2315 1194
2314 1193
2313 1192
2312 1191
2311 1190
2310 1189
2309 1188
2308 1187
2307 1186
2306 1185
2305 1184
2304 1183
2303 1182
2302 1181
2301 1180
2300 1179
2299 1178
2298 1177
2297 1176
2296 1175
2295 1174
2294 1173
2293 1172
2292 1171
2291 1170
2290 1169
2289 1168
2288 1167
2287 1166
2286 1165
2285 1164
2284 1163
2283 1162
2282 1161
2281 1160
2280 1159
2279 1158
2278 1157
2277 1156
2276 1155
2275 1154
2274 1153
2273 1152
2272 1151
2271 1150
2270 1149
2269 1148
2268 1147
2267 1146
2266 1145
2265 1144
2264 1143
2263 1142
2262 1141
2261 1140
2260 1139
2259 1138
2258 1137
2257 1136
2256 1135
2255 1134
2254 1133
2253 1132
2252 1131
2251 1130
2250 1129
2249 1128
2248 1127
2247 1126
2246 1125
2245 1124
2244 1123
2243 1122
2242 1121
2241 1120
2240 1119
2239 1118
2238 1117
2237 1116
2236 1115
2235 1114
2234 1113
2233 1112
2232 1111
2231 1110
2230 1109
2229 1108
2228 1107
2227 1106
2226 1105
2225 1104
2224 1103
2223 1102
2222 1101
2221 1100
2220 1099
2219 1098
2218 1097
2217 1096
2216 1095
2215 1094
2214 1093
2213 1092
2212 1091
2211 1090
2210 1089
2209 1088
2208 1087
2207 1086
2206 1085
2205 1084
2204 1083
2203 1082
2202 1081
2201 1080
2200 1079
2199 1078
2198 1077
2197 1076
2196 1075
2195 1074
2194 1073
2193 1072
2192 1071
2191 1070
2190 1069
2189 1068
2188 1067
2187 1066
2186 1065
2185 1064
2184 1063
2183 1062
2182 1061
2181 1060
2180 1059
2179 1058
2178 1057
2177 1056
2176 1055
2175 1054
2174 1053
2173 1052
2172 1051
2171 1050
2170 1049
2169 1048
2168 1047
2167 1046
2166 1045
2165 1044
2164 1043
2163 1042
2162 1041
2161 1040
2160 1039
2159 1038
2158 1037
2157 1036
2156 1035
2155 1034
2154 1033
2153 1032
2152 1031
2151 1030
2150 1029
2149 1028
2148 1027
2147 1026
2146 1025
2145 1024
2144 1023
2143 1022
2142 1021
2141 1020
2140 1019
2139 1018
2138 1017
2137 1016
2136 1015
2135 1014
2134 1013
2133 1012
2132 1011
2131 1010
2130 1009
2129 1008
2128 1007
2127 1006
2126 1005
2125 1004
2124 1003
2123 1002
2122 1001
2121 1000
2120 999
2119 998
2118 997
2117 996
2116 995
2115 994
2114 993
2113 992
2112 991
2111 990
2110 989
2109 988
2108 987
2107 986
2106 985
2105 984
2104 983
2103 982
2102 981
2101 980
2100 979
2099 978
2098 977
2097 976
2096 975
2095 974
2094 973
2093 972
2092 971
2091 970
2090 969
2089 968
2088 967
2087 966
2086 965
2085 964
2084 963
2083 962
2082 961
2081 960
2080 959
2079 958
2078 957
2077 956
2076 955
2075 954
2074 953
2073 952
2072 951
2071 950
2070 949
2069 948
2068 947
2067 946
2066 945
2065 944
2064 943
2063 942
2062 941
2061 940
2060 939
2059 938
2058 937
2057 936
2056 935
2055 934
2054 933
2053 932
2052 931
2051 930
2050 929
2049 928
2048 927
2047 926
2046 925
2045 924
2044 923
2043 922
2042 921
2041 920
2040 919
2039 918
2038 917
2037 916
2036 915
2035 914
2034 913
2033 912
2032 911
2031 910
2030 909
2029 908
2028 907
2027 906
2026 905
2025 904
2024 903
2023 902
2022 901
2021 900
2020 899
2019 898
2018 897
2017 896
2016 895
2015 894
2014 893
2013 892
2012 891
2011 890
2010 889
2009 888
2008 887
2007 886
2006 885
2005 884
2004 883
2003 882
2002 881
2001 880
2000 879
1999 878
1998 877
1997 876
1996 875
1995 874
1994 873
1993 872
1992 871
1991 870
1990 869
1989 868
1988 867
1987 866
1986 865
1985 864
1984 863
1983 862
1982 861
1981 860
1980 859
1979 858
1978 857
1977 856
1976 855
1975 854
1974 853
1973 852
1972 851
1971 850
1970 849
1969 848
1968 847
1967 846
1966 845
1965 844
1964 843
1963 842
1962 841
1961 840
1960 839
1959 838
1958 837
1957 836
1956 835
1955 834
1954 833
1953 832
1952 831
1951 830
1950 829
1949 828
1948 827
1947 826
1946 825
1945 824
1944 823
1943 822
1942 821
1941 820
1940 819
1939 818
1938 817
1937 816
1936 815
1935 814
1934 813
1933 812
1932 811
1931 810
1930 809
1929 808
1928 807
1927 806
1926 805
1925 804
1924 803
1923 802
1922 801
1921 800
1920 799
1919 798
1918 797
1917 796
1916 795
1915 794
1914 793
1913 792
1912 791
1911 790
1910 789
1909 788
1908 787
1907 786
1906 785
1905 784
1904 783
1903 782
1902 781
1901 780
1900 779
1899 778
1898 777
1897 776
1896 775
1895 774
1894 773
1893 772
1892 771
1891 770
1890 769
1889 768
1888 767
1887 766
1886 765
1885 764
1884 763
1883 762
1882 761
1881 760
1880 759
1879 758
1878 757
1877 756
1876 755
1875 754
1874 753
1873 752
1872 751
1871 750
1870 749
1869 748
1868 747
1867 746
1866 745
1865 744
1864 743
1863 742
1862 741
1861 740
1860 739
1859 738
1858 737
1857 736
1856 735
1855 734
1854 733
1853 732
1852 731
1851 730
1850 729
1849 728
1848 727
1847 726
1846 725
1845 724
1844 723
1843 722
1842 721
1841 720
1840 719
1839 718
1838 717
1837 716
1836 715
1835 714
1834 713
1833 712
1832 711
1831 710
1830 709
1829 708
1828 707
1827 706
1826 705
1825 704
1824 703
1823 702
1822 701
1821 700
1820 699
1819 698
1818 697
1817 696
1816 695
1815 694
1814 693
1813 692
1812 691
1811 690
1810 689
1809 688
1808 687
1807 686
1806 685
1805 684
1804 683
1803 682
1802 681
1801 680
1800 679
1799 678
1798 677
1797 676
1796 675
1795 674
1794 673
1793 672
1792 671
1791 670
1790 669
1789 668
1788 667
1787 666
1786 665
1785 664
1784 663
1783 662
1782 661
1781 660
1780 659
1779 658
1778 657
1777 656
1776 655
1775 654
1774 653
1773 652
1772 651
1771 650
1770 649
1769 648
1768 647
1767 646
1766 645
1765 644
1764 643
1763 642
1762 641
1761 640
1760 639
1759 638
1758 637
1757 636
1756 635
1755 634
1754 633
1753 632
1752 631
1751 630
1750 629
1749 628
1748 627
1747 626
1746 625
1745 624
1744 623
1743 622
1742 621
1741 620
1740 619
1739 618
1738 617
1737 616
1736 615
1735 614
1734 613
1733 612
1732 611
1731 610
1730 609
1729 608
1728 607
1727 606
1726 605
1725 604
1724 603
1723 602
1722 601
1721 600
1720 599
1719 598
1718 597
1717 596
1716 595
1715 594
1714 593
1713 592
1712 591
1711 590
1710 589
1709 588
1708 587
1707 586
1706 585
1705 584
1704 583
1703 582
1702 581
1701 580
1700 579
1699 578
1698 577
1697 576
1696 575
1695 574
1694 573
1693 572
1692 571
1691 570
1690 569
1689 568
1688 567
1687 566
1686 565
1685 564
1684 563
1683 562
1682 561
1681 560
1680 559
1679 558
1678 557
1677 556
1676 555
1675 554
1674 553
1673 552
1672 551
1671 550
1670 549
1669 548
1668 547
1667 546
1666 545
1665 544
1664 543
1663 542
1662 541
1661 540
1660 539
1659 538
1658 537
1657 536
1656 535
1655 534
1654 533
1653 532
1652 531
1651 530
1650 529
1649 528
1648 527
1647 526
1646 525
1645 524
1644 523
1643 522
1642 521
1641 520
1640 519
1639 518
1638 517
1637 516
1636 515
1635 514
1634 513
1633 512
1632 511
1631 510
1630 509
1629 508
1628 507
1627 506
1626 505
1625 504
1624 503
1623 502
1622 501
1621 500
1620 499
1619 498
1618 497
1617 496
1616 495
1615 494
1614 493
1613 492
1612 491
1611 490
1610 489
1609 488
1608 487
1607 486
1606 485
1605 484
1604 483
1603 482
1602 481
1601 480
1600 479
1599 478
1598 477
1597 476
1596 475
1595 474
1594 473
1593 472
1592 471
1591 470
1590 469
1589 468
1588 467
1587 466
1586 465
1585 464
1584 463
1583 462
1582 461
1581 460
1580 459
1579 458
1578 457
1577 456
1576 455
1575 454
1574 453
1573 452
1572 451
1571 450
1570 449
1569 448
1568 447
1567 446
1566 445
1565 444
1564 443
1563 442
1562 441
1561 440
1560 439
1559 438
1558 437
1557 436
1556 435
1555 434
1554 433
1553 432
1552 431
1551 430
1550 429
1549 428
1548 427
1547 426
1546 425
1545 424
1544 423
1543 422
1542 421
1541 420
1540 419
1539 418
1538 417
1537 416
1536 415
1535 414
1534 413
1533 412
1532 411
1531 410
1530 409
1529 408
1528 407
1527 406
1526 405
1525 404
1524 403
1523 402
1522 401
1521 400
1520 399
1519 398
1518 397
1517 396
1516 395
1515 394
1514 393
1513 392
1512 391
1511 390
1510 389
1509 388
1508 387
1507 386
1506 385
1505 384
1504 383
1503 382
1502 381
1501 380
1500 379
1499 378
1498 377
1497 376
1496 375
1495 374
1494 373
1493 372
1492 371
1491 370
1490 369
1489 368
1488 367
1487 366
1486 365
1485 364
1484 363
1483 362
1482 361
1481 360
1480 359
1479 358
1478 357
1477 356
1476 355
1475 354
1474 353
1473 352
1472 351
1471 350
1470 349
1469 348
1468 347
1467 346
1466 345
1465 344
1464 343
1463 342
1462 341
1461 340
1460 339
1459 338
1458 337
1457 336
1456 335
1455 334
1454 333
1453 332
1452 331
1451 330
1450 329
1449 328
1448 327
1447 326
1446 325
1445 324
1444 323
1443 322
1442 321
1441 320
1440 319
1439 318
1438 317
1437 316
1436 315
1435 314
1434 313
1433 312
1432 311
1431 310
1430 309
1429 308
1428 307
1427 306
1426 305
1425 304
1424 303
1423 302
1422 301
1421 300
1420 299
1419 298
1418 297
1417 296
1416 295
1415 294
1414 293
1413 292
1412 291
1411 290
1410 289
1409 288
1408 287
1407 286
1406 285
1405 284
1404 283
1403 282
1402 281
1401 280
1400 279
1399 278
1398 277
1397 276
1396 275
1395 274
1394 273
1393 272
1392 271
1391 270
1390 269
1389 268
1388 267
1387 266
1386 265
1385 264
1384 263
1383 262
1382 261
1381 260
1380 259
1379 258
1378 257
1377 256
1376 255
1375 254
1374 253
1373 252
1372 251
1371 250
1370 249
1369 248
1368 247
1367 246
1366 245
1365 244
1364 243
1363 242
1362 241
1361 240
1360 239
1359 238
1358 237
1357 236
1356 235
1355 234
1354 233
1353 232
1352 231
1351 230
1350 229
1349 228
1348 227
1347 226
1346 225
1345 224
1344 223
1343 222
1342 221
1341 220
1340 219
1339 218
1338 217
1337 216
1336 215
1335 214
1334 213
1333 212
1332 211
1331 210
1330 209
1329 208
1328 207
1327 206
1326 205
1325 204
1324 203
1323 202
1322 201
1321 200
1320 199
1319 198
1318 197
1317 196
1316 195
1315 194
1314 193
1313 192
1312 191
1311 190
1310 189
1309 188
1308 187
1307 186
1306 185
1305 184
1304 183
1303 182
1302 181
1301 180
1300 179
1299 178
1298 177
1297 176
1296 175
1295 174
1294 173
1293 172
1292 171
1291 170
1290 169
1289 168
1288 167
1287 166
1286 165
1285 164
1284 163
1283 162
1282 161
1281 160
1280 159
1279 158
1278 157
1277 156
1276 155
1275 154
1274 153
1273 152
1272 151
1271 150
1270 149
1269 148
1268 147
1267 146
1266 145
1265 144
1264 143
1263 142
1262 141
1261 140
1260 139
1259 138
1258 137
1257 136
1256 135
1255 134
1254 133
1253 132
1252 131
1251 130
1250 129
1249 128
1248 127
1247 126
1246 125
1245 124
1244 123
1243 122
1242 121
1241 120
1240 119
1239 118
1238 117
1237 116
1236 115
1235 114
1234 113
1233 112
1232 111
1231 110
1230 109
1229 108
1228 107
1227 106
1226 105
1225 104
1224 103
1223 102
1222 101
1221 100
1220 99
1219 98
1218 97
1217 96
1216 95
1215 94
1214 93
1213 92
1212 91
1211 90
1210 89
1209 88
1208 87
1207 86
1206 85
1205 84
1204 83
1203 82
1202 81
1201 80
1200 79
1199 78
1198 77
1197 76
1196 75
1195 74
1194 73
1193 72
1192 71
1191 70
1190 69
1189 68
1188 67
1187 66
1186 65
1185 64
1184 63
1183 62
1182 61
1181 60
1180 59
1179 58
1178 57
1177 56
1176 55
1175 54
1174 53
1173 52
1172 51
1171 50
1170 49
1169 48
1168 47
1167 46
1166 45
1165 44
1164 43
1163 42
1162 41
1161 40
1160 39
1159 38
1158 37
1157 36
1156 35
1155 34
1154 33
1153 32
1152 31
1151 30
1150 29
1149 28
1148 27
1147 26
1146 25
1145 24
1144 23
1143 22
1142 21
1141 20
1140 19
1139 18
1138 17
1137 16
1136 15
1135 14
1134 13
1133 12
1132 11
1131 10
1130 9
1129 8
1128 7
1127 6
1126 5
1125 4
1124 3
1123 2
1122 1
1121 0
1120 1000
1119 1000
1118 1000
1117 1000
1116 1000
1115 1000
1114 1000
1113 1000
1112 1000
1111 1000
1110 1000
1109 1000
1108 1000
1107 1000
1106 1000
1105 1000
1104 1000
1103 1000
1102 1000
1101 1000
1100 1000
1099 1000
1098 1000
1097 1000
1096 1000
1095 1000
1094 1000
1093 1000
1092 1000
1091 1000
1090 1000
1089 1000
1088 1000
1087 1000
1086 1000
1085 1000
1084 1000
1083 1000
1082 1000
1081 1000
1080 1000
1079 1000
1078 1000
1077 1000
1076 1000
1075 1000
1074 1000
1073 1000
1072 1000
1071 1000
1070 1000
1069 1000
1068 1000
1067 1000
1066 1000
1065 1000
1064 1000
1063 1000
1062 1000
1061 1000
1060 1000
1059 1000
1058 1000
1057 1000
1056 1000
1055 1000
1054 1000
1053 1000
1052 1000
1051 1000
1050 1000
1049 1000
1048 1000
1047 1000
1046 1000
1045 1000
1044 1000
1043 1000
1042 1000
1041 1000
1040 1000
1039 1000
1038 1000
1037 1000
1036 1000
1035 1000
1034 1000
1033 1000
1032 1000
1031 1000
1030 1000
1029 1000
1028 1000
1027 1000
1026 1000
1025 1000
1024 1000
1023 1000
1022 1000
1021 1000
1020 1000
1019 1000
1018 1000
1017 1000
1016 1000
1015 1000
1014 1000
1013 1000
1012 1000
1011 1000
1010 1000
1009 1000
1008 1000
1007 1000
1006 1000
1005 1000
1004 1000
1003 1000
1002 1000
1001 1000
1000 1000
999 1000
998 1000
997 1000
996 1000
995 1000
994 1000
993 1000
992 1000
991 1000
990 1000
989 1000
988 1000
987 1000
986 1000
985 1000
984 1000
983 1000
982 1000
981 1000
980 1000
979 1000
978 1000
977 1000
976 1000
975 1000
974 1000
973 1000
972 1000
971 1000
970 1000
969 1000
968 1000
967 1000
966 1000
965 1000
964 1000
963 1000
962 1000
961 1000
960 1000
959 1000
958 1000
957 1000
956 1000
955 1000
954 1000
953 1000
952 1000
951 1000
950 1000
949 1000
948 1000
947 1000
946 1000
945 1000
944 1000
943 1000
942 1000
941 1000
940 1000
939 1000
938 1000
937 1000
936 1000
935 1000
934 1000
933 1000
932 1000
931 1000
930 1000
929 1000
928 1000
927 1000
926 1000
925 1000
924 1000
923 1000
922 1000
921 1000
920 1000
919 1000
918 1000
917 1000
916 1000
915 1000
914 1000
913 1000
912 1000
911 1000
910 1000
909 1000
908 1000
907 1000
906 1000
905 1000
904 1000
903 1000
902 1000
901 1000
900 1000
899 1000
898 1000
897 1000
896 1000
895 1000
894 1000
893 1000
892 1000
891 1000
890 1000
889 1000
888 1000
887 1000
886 1000
885 1000
884 1000
883 1000
882 1000
881 1000
880 1000
879 1000
878 1000
877 1000
876 1000
875 1000
874 1000
873 1000
872 1000
871 1000
870 1000
869 1000
868 1000
867 1000
866 1000
865 1000
864 1000
863 1000
862 1000
861 1000
860 1000
859 1000
858 1000
857 1000
856 1000
855 1000
854 1000
853 1000
852 1000
851 1000
850 1000
849 1000
848 1000
847 1000
846 1000
845 1000
844 1000
843 1000
842 1000
841 1000
840 1000
839 1000
838 1000
837 1000
836 1000
835 1000
834 1000
833 1000
832 1000
831 1000
830 1000
829 1000
828 1000
827 1000
826 1000
825 1000
824 1000
823 1000
822 1000
821 1000
820 1000
819 1000
818 1000
817 1000
816 1000
815 1000
814 1000
813 1000
812 1000
811 1000
810 1000
809 1000
808 1000
807 1000
806 1000
805 1000
804 1000
803 1000
802 1000
801 1000
800 1000
799 1000
798 1000
797 1000
796 1000
795 1000
794 1000
793 1000
792 1000
791 1000
790 1000
789 1000
788 1000
787 1000
786 1000
785 1000
784 1000
783 1000
782 1000
781 1000
780 1000
779 1000
778 1000
777 1000
776 1000
775 1000
774 1000
773 1000
772 1000
771 1000
770 1000
769 1000
768 1000
767 1000
766 1000
765 1000
764 1000
763 1000
762 1000
761 1000
760 1000
759 1000
758 1000
757 1000
756 1000
755 1000
754 1000
753 1000
752 1000
751 1000
750 1000
749 1000
748 1000
747 1000
746 1000
745 1000
744 1000
743 1000
742 1000
741 1000
740 1000
739 1000
738 1000
737 1000
736 1000
735 1000
734 1000
733 1000
732 1000
731 1000
730 1000
729 1000
728 1000
727 1000
726 1000
725 1000
724 1000
723 1000
722 1000
721 1000
720 1000
719 1000
718 1000
717 1000
716 1000
715 1000
714 1000
713 1000
712 1000
711 1000
710 1000
709 1000
708 1000
707 1000
706 1000
705 1000
704 1000
703 1000
702 1000
701 1000
700 1000
699 1000
698 1000
697 1000
696 1000
695 1000
694 1000
693 1000
692 1000
691 1000
690 1000
689 1000
688 1000
687 1000
686 1000
685 1000
684 1000
683 1000
682 1000
681 1000
680 1000
679 1000
678 1000
677 1000
676 1000
675 1000
674 1000
673 1000
672 1000
671 1000
670 1000
669 1000
668 1000
667 1000
666 1000
665 1000
664 1000
663 1000
662 1000
661 1000
660 1000
659 1000
658 1000
657 1000
656 1000
655 1000
654 1000
653 1000
652 1000
651 1000
650 1000
649 1000
648 1000
647 1000
646 1000
645 1000
644 1000
643 1000
642 1000
641 1000
640 1000
639 1000
638 1000
637 1000
636 1000
635 1000
634 1000
633 1000
632 1000
631 1000
630 1000
629 1000
628 1000
627 1000
626 1000
625 1000
624 1000
623 1000
622 1000
621 1000
620 1000
619 1000
618 1000
617 1000
616 1000
615 1000
614 1000
613 1000
612 1000
611 1000
610 1000
609 1000
608 1000
607 1000
606 1000
605 1000
604 1000
603 1000
602 1000
601 1000
600 1000
599 1000
598 1000
597 1000
596 1000
595 1000
594 1000
593 1000
592 1000
591 1000
590 1000
589 1000
588 1000
587 1000
586 1000
585 1000
584 1000
583 1000
582 1000
581 1000
580 1000
579 1000
578 1000
577 1000
576 1000
575 1000
574 1000
573 1000
572 1000
571 1000
570 1000
569 1000
568 1000
567 1000
566 1000
565 1000
564 1000
563 1000
562 1000
561 1000
560 1000
559 1000
558 1000
557 1000
556 1000
555 1000
554 1000
553 1000
552 1000
551 1000
550 1000
549 1000
548 1000
547 1000
546 1000
545 1000
544 1000
543 1000
542 1000
541 1000
540 1000
539 1000
538 1000
537 1000
536 1000
535 1000
534 1000
533 1000
532 1000
531 1000
530 1000
529 1000
528 1000
527 1000
526 1000
525 1000
524 1000
523 1000
522 1000
521 1000
520 1000
519 1000
518 1000
517 1000
516 1000
515 1000
514 1000
513 1000
512 1000
511 1000
510 1000
509 1000
508 1000
507 1000
506 1000
505 1000
504 1000
503 1000
502 1000
501 1000
500 1000
499 1000
498 1000
497 1000
496 1000
495 1000
494 1000
493 1000
492 1000
491 1000
490 1000
489 1000
488 1000
487 1000
486 1000
485 1000
484 1000
483 1000
482 1000
481 1000
480 1000
479 1000
478 1000
477 1000
476 1000
475 1000
474 1000
473 1000
472 1000
471 1000
470 1000
469 1000
468 1000
467 1000
466 1000
465 1000
464 1000
463 1000
462 1000
461 1000
460 1000
459 1000
458 1000
457 1000
456 1000
455 1000
454 1000
453 1000
452 1000
451 1000
450 1000
449 1000
448 1000
447 1000
446 1000
445 1000
444 1000
443 1000
442 1000
441 1000
440 1000
439 1000
438 1000
437 1000
436 1000
435 1000
434 1000
433 1000
432 1000
431 1000
430 1000
429 1000
428 1000
427 1000
426 1000
425 1000
424 1000
423 1000
422 1000
421 1000
420 1000
419 1000
418 1000
417 1000
416 1000
415 1000
414 1000
413 1000
412 1000
411 1000
410 1000
409 1000
408 1000
407 1000
406 1000
405 1000
404 1000
403 1000
402 1000
401 1000
400 1000
399 1000
398 1000
397 1000
396 1000
395 1000
394 1000
393 1000
392 1000
391 1000
390 1000
389 1000
388 1000
387 1000
386 1000
385 1000
384 1000
383 1000
382 1000
381 1000
380 1000
379 1000
378 1000
377 1000
376 1000
375 1000
374 1000
373 1000
372 1000
371 1000
370 1000
369 1000
368 1000
367 1000
366 1000
365 1000
364 1000
363 1000
362 1000
361 1000
360 1000
359 1000
358 1000
357 1000
356 1000
355 1000
354 1000
353 1000
352 1000
351 1000
350 1000
349 1000
348 1000
347 1000
346 1000
345 1000
344 1000
343 1000
342 1000
341 1000
340 1000
339 1000
338 1000
337 1000
336 1000
335 1000
334 1000
333 1000
332 1000
331 1000
330 1000
329 1000
328 1000
327 1000
326 1000
325 1000
324 1000
323 1000
322 1000
321 1000
320 1000
319 1000
318 1000
317 1000
316 1000
315 1000
314 1000
313 1000
312 1000
311 1000
310 1000
309 1000
308 1000
307 1000
306 1000
305 1000
304 1000
303 1000
302 1000
301 1000
300 1000
299 1000
298 1000
297 1000
296 1000
295 1000
294 1000
293 1000
292 1000
291 1000
290 1000
289 1000
288 1000
287 1000
286 1000
285 1000
284 1000
283 1000
282 1000
281 1000
280 1000
279 1000
278 1000
277 1000
276 1000
275 1000
274 1000
273 1000
272 1000
271 1000
270 1000
269 1000
268 1000
267 1000
266 1000
265 1000
264 1000
263 1000
262 1000
261 1000
260 1000
259 1000
258 1000
257 1000
256 1000
255 1000
254 1000
253 1000
252 1000
251 1000
250 1000
249 1000
248 1000
247 1000
246 1000
245 1000
244 1000
243 1000
242 1000
241 1000
240 1000
239 1000
238 1000
237 1000
236 1000
235 1000
234 1000
233 1000
232 1000
231 1000
230 1000
229 1000
228 1000
227 1000
226 1000
225 1000
224 1000
223 1000
222 1000
221 1000
220 1000
219 1000
218 1000
217 1000
216 1000
215 1000
214 1000
213 1000
212 1000
211 1000
210 1000
209 1000
208 1000
207 1000
206 1000
205 1000
204 1000
203 1000
202 1000
201 1000
200 1000
199 1000
198 1000
197 1000
196 1000
195 1000
194 1000
193 1000
192 1000
191 1000
190 1000
189 1000
188 1000
187 1000
186 1000
185 1000
184 1000
183 1000
182 1000
181 1000
180 1000
179 1000
178 1000
177 1000
176 1000
175 1000
174 1000
173 1000
172 1000
171 1000
170 1000
169 1000
168 1000
167 1000
166 1000
165 1000
164 1000
163 1000
162 1000
161 1000
160 1000
159 1000
158 1000
157 1000
156 1000
155 1000
154 1000
153 1000
152 1000
151 1000
150 1000
149 1000
148 1000
147 1000
146 1000
145 1000
144 1000
143 1000
142 1000
141 1000
140 1000
139 1000
138 1000
137 1000
136 1000
135 1000
134 1000
133 1000
132 1000
131 1000
130 1000
129 1000
128 1000
127 1000
126 1000
125 1000
124 1000
123 1000
122 1000
121 1000
120 1000
119 1000
118 1000
117 1000
116 1000
115 1000
114 1000
113 1000
112 1000
111 1000
110 1000
109 1000
108 1000
107 1000
106 1000
105 1000
104 1000
103 1000
102 1000
101 1000
100 1000
99 1000
98 1000
97 1000
96 1000
95 1000
94 1000
93 1000
92 1000
91 1000
90 1000
89 1000
88 1000
87 1000
86 1000
85 1000
84 1000
83 1000
82 1000
81 1000
80 1000
79 1000
78 1000
77 1000
76 1000
75 1000
74 1000
73 1000
72 1000
71 1000
70 1000
69 1000
68 1000
67 1000
66 1000
65 1000
64 1000
63 1000
62 1000
61 1000
60 1000
59 1000
58 1000
57 1000
56 1000
55 1000
54 1000
53 1000
52 1000
51 1000
50 1000
49 1000
48 1000
47 1000
46 1000
45 1000
44 1000
43 1000
42 1000
41 1000
40 1000
39 1000
38 1000
37 1000
36 1000
35 1000
34 1000
33 1000
32 1000
31 1000
30 1000
29 1000
28 1000
27 1000
26 1000
25 1000
24 1000
23 1000
22 1000
21 1000
20 1000
19 1000
18 1000
17 1000
16 1000
15 1000
14 1000
13 1000
12 1000
11 1000
10 1000
9 1000
8 1000
7 1000
6 1000
5 1000
4 1000
3 1000
2 1000
1 1000
0 1000
164 1000
163 1000
162 1000
161 1000
160 1000
159 1000
158 1000
157 1000
156 1000
155 1000
154 1000
153 1000
152 1000
151 1000
150 1000
149 1000
148 1000
147 1000
146 1000
145 1000
144 1000
143 1000
142 1000
141 1000
140 1000
139 1000
138 1000
137 1000
136 1000
135 1000
134 1000
133 1000
132 1000
131 1000
130 1000
129 1000
128 1000
127 1000
126 1000
125 1000
124 1000
123 1000
122 1000
121 1000
120 1000
119 1000
118 1000
117 1000
116 1000
115 1000
114 1000
113 1000
112 1000
111 1000
110 1000
109 1000
108 1000
107 1000
106 1000
105 1000
104 1000
103 1000
102 1000
101 1000
100 1000
99 1000
98 1000
97 1000
96 1000
95 1000
94 1000
93 1000
92 1000
91 1000
90 1000
89 1000
88 1000
87 1000
86 1000
85 1000
84 1000
83 1000
82 1000
81 1000
80 1000
79 1000
78 1000
77 1000
76 1000
75 1000
74 1000
73 1000
72 1000
71 1000
70 1000
69 1000
68 1000
67 1000
66 1000
65 1000
64 1000
63 1000
62 1000
61 1000
60 1000
59 1000
58 1000
57 1000
56 1000
55 1000
54 1000
53 1000
52 1000
51 1000
50 1000
49 1000
48 1000
47 1000
46 1000
45 1000
44 1000
43 1000
42 1000
41 1000
40 1000
39 1000
38 1000
37 1000
36 1000
35 1000
34 1000
33 1000
32 1000
31 1000
30 1000
29 1000
28 1000
27 1000
26 1000
25 1000
24 1000
23 1000
22 1000
21 1000
20 1000
19 1000
18 1000
17 1000
16 1000
15 1000
14 1000
13 1000
12 1000
11 1000
10 1000
9 1000
8 1000
7 1000
6 1000
5 1000
4 1000
3 1000
2 1000
1 1000
0 1000
1000 1000
1000 1000
1000 1000
1000 1000
1000 1000
1000 1000
1000 1000
1000 1000
1000 1000
1000 1000
1000 1000
1000 1000
1000 1000
1000 1000
1000 1000
1000 1000
1000 1000
1000 1000
1000 1000
1000 1000
1000 1000
1000 1000
1000 1000
1000 1000
1000 1000
1000 1000
1000 1000
1000 1000
1000 1000
1000 1000
1000 1000
1000 1000
1000 1000
1000 1000
1000 1000
1000 1000
1000 1000
1000 1000
1000 1000
1000 1000
1000 1000
1000 1000
1000 1000
1000 1000
1000 1000
1000 1000
1000 1000
1000 1000
1000 1000
1000 1000
1000 1000
1000 1000
1000 1000
1000 1000
1000 1000
1000 1000
1000 1000
1000 1000
1000 1000
1000 1000
1000 1000
1000 1000
1000 1000
1000 1000
1000 1000
1000 1000
1000 1000
1000 1000
1000 1000
1000 1000
1000 1000
1000 1000
1000 1000
1000 1000
1000 1000
1000 1000
1000 1000
1000 1000
1000 1000
1000 1000
1000 1000
1000 1000
1000 1000
1000 1000
1000 1000
1000 1000
1000 1000
1000 1000
1000 1000
1000 1000
1000 1000
1000 1000
1000 1000
1000 1000
1000 1000
1000 1000
1000 1000
1000 1000
1000 1000
1000 1000
1000 1000
1000 1000
1000 1000
1000 1000
1000 1000
1000 1000
1000 1000
1000 1000
1000 1000
1000 1000
1000 1000
1000 1000
1000 1000
1000 1000
1000 1000
1000 1000
1000 1000
1000 1000
1000 1000
1000 1000
1000 1000
1000 1000
1000 1000
1000 1000
1000 1000
1000 1000
1000 1000
1000 1000
1000 1000
1000 1000
1000 1000
1000 1000
1000 1000
1000 1000
1000 1000
1000 1000
1000 1000
1000 1000
1000 1000
1000 1000
1000 1000
1000 1000
1000 1000
1000 1000
1000 1000
1000 1000
1000 1000
1000 1000
1000 1000
1000 1000
1000 1000
1000 1000
1000 1000
1000 1000
1000 1000
1000 1000
1000 1000
1000 1000
1000 1000
1000 1000
1000 1000
1000 1000
1000 1000
1000 1000
1000 1000
1000 1000
1000 1000
1000 1000
1000 1000
1000 1000
1000 1000
1000 1000
1000 1000
1000 1000
1000 1000
1000 1000
1000 1000
1000 1000
1000 1000
1000 1000
1000 1000
1000 1000
1000 1000
1000 1000
1000 1000
1000 1000
1000 1000
1000 1000
1000 1000
1000 1000
1000 1000
1000 1000
1000 1000
1000 1000
1000 1000
1000 1000
1000 1000
1000 1000
1000 1000
1000 1000
1000 1000
1000 1000
1000 1000
1000 1000
1000 1000
1000 1000
1000 1000
1000 1000
1000 1000
1000 1000
1000 1000
1000 1000
1000 1000
1000 1000
1000 1000
1000 1000
1000 1000
1000 1000
1000 1000
1000 1000
1000 1000
1000 1000
1000 1000
1000 1000
1000 1000
1000 1000
1000 1000
1000 1000
1000 1000
1000 1000
1000 1000
1000 1000
1000 1000
1000 1000
1000 1000
1000 1000
1000 1000
1000 1000
1000 1000
1000 1000
1000 1000
1000 1000
1000 1000
1000 1000
1000 1000
1000 1000
1000 1000
1000 1000
1000 1000
1000 1000
