1088 1295
1087 1294
1086 1293
1085 1292
1084 1291
1083 1290
1082 1289
1081 1288
1080 1287
1079 1286
1078 1285
1077 1284
1076 1283
1075 1282
1074 1281
1073 1280
1072 1279
1071 1278
1070 1277
1069 1276
1068 1275
1067 1274
1066 1273
1065 1272
1064 1271
1063 1270
1062 1269
1061 1268
1060 1267
1059 1266
1058 1265
1057 1264
1056 1263
1055 1262
1054 1261
1053 1260
1052 1259
1051 1258
1050 1257
1049 1256
1048 1255
1047 1254
1046 1253
1045 1252
1044 1251
1043 1250
1042 1249
1041 1248
1040 1247
1039 1246
1038 1245
1037 1244
1036 1243
1035 1242
1034 1241
1033 1240
1032 1239
1031 1238
1030 1237
1029 1236
1028 1235
1027 1234
1026 1233
1025 1232
1024 1231
1023 1230
1022 1229
1021 1228
1020 1227
1019 1226
1018 1225
1017 1224
1016 1223
1015 1222
1014 1221
1013 1220
1012 1219
1011 1218
1010 1217
1009 1216
1008 1215
1007 1214
1006 1213
1005 1212
1004 1211
1003 1210
1002 1209
1001 1208
1000 1207
999 1206
998 1205
997 1204
996 1203
995 1202
994 1201
993 1200
992 1199
991 1198
990 1197
989 1196
988 1195
987 1194
986 1193
985 1192
984 1191
983 1190
982 1189
981 1188
980 1187
979 1186
978 1185
977 1184
976 1183
975 1182
974 1181
973 1180
972 1179
971 1178
970 1177
969 1176
968 1175
967 1174
966 1173
965 1172
964 1171
963 1170
962 1169
961 1168
960 1167
959 1166
958 1165
957 1164
956 1163
955 1162
954 1161
953 1160
952 1159
951 1158
950 1157
949 1156
948 1155
947 1154
946 1153
945 1152
944 1151
943 1150
942 1149
941 1148
940 1147
939 1146
938 1145
937 1144
936 1143
935 1142
934 1141
933 1140
932 1139
931 1138
930 1137
929 1136
928 1135
927 1134
926 1133
925 1132
924 1131
923 1130
922 1129
921 1128
920 1127
919 1126
918 1125
917 1124
916 1123
915 1122
914 1121
913 1120
912 1119
911 1118
910 1117
909 1116
908 1115
907 1114
906 1113
905 1112
904 1111
903 1110
902 1109
901 1108
900 1107
899 1106
898 1105
897 1104
896 1103
895 1102
894 1101
893 1100
892 1099
891 1098
890 1097
889 1096
888 1095
887 1094
886 1093
885 1092
884 1091
883 1090
882 1089
881 1088
880 1087
879 1086
878 1085
877 1084
876 1083
875 1082
874 1081
873 1080
872 1079
871 1078
870 1077
869 1076
868 1075
867 1074
866 1073
865 1072
864 1071
863 1070
862 1069
861 1068
860 1067
859 1066
858 1065
857 1064
856 1063
855 1062
854 1061
853 1060
852 1059
851 1058
850 1057
849 1056
848 1055
847 1054
846 1053
845 1052
844 1051
843 1050
842 1049
841 1048
840 1047
839 1046
838 1045
837 1044
836 1043
835 1042
834 1041
833 1040
832 1039
831 1038
830 1037
829 1036
828 1035
827 1034
826 1033
825 1032
824 1031
823 1030
822 1029
821 1028
820 1027
819 1026
818 1025
817 1024
816 1023
815 1022
814 1021
813 1020
812 1019
811 1018
810 1017
809 1016
808 1015
807 1014
806 1013
805 1012
804 1011
803 1010
802 1009
801 1008
800 1007
799 1006
798 1005
797 1004
796 1003
795 1002
794 1001
793 1000
792 999
791 998
790 997
789 996
788 995
787 994
786 993
785 992
784 991
783 990
782 989
781 988
780 987
779 986
778 985
777 984
776 983
775 982
774 981
773 980
772 979
771 978
770 977
769 976
768 975
767 974
766 973
765 972
764 971
763 970
762 969
761 968
760 967
759 966
758 965
757 964
756 963
755 962
754 961
753 960
752 959
751 958
750 957
749 956
748 955
747 954
746 953
745 952
744 951
743 950
742 949
741 948
740 947
739 946
738 945
737 944
736 943
735 942
734 941
733 940
732 939
731 938
730 937
729 936
728 935
727 934
726 933
725 932
724 931
723 930
722 929
721 928
720 927
719 926
718 925
717 924
716 923
715 922
714 921
713 920
712 919
711 918
710 917
709 916
708 915
707 914
706 913
705 912
704 911
703 910
702 909
701 908
700 907
699 906
698 905
697 904
696 903
695 902
694 901
693 900
692 899
691 898
690 897
689 896
688 895
687 894
686 893
685 892
684 891
683 890
682 889
681 888
680 887
679 886
678 885
677 884
676 883
675 882
674 881
673 880
672 879
671 878
670 877
669 876
668 875
667 874
666 873
665 872
664 871
663 870
662 869
661 868
660 867
659 866
658 865
657 864
656 863
655 862
654 861
653 860
652 859
651 858
650 857
649 856
648 855
647 854
646 853
645 852
644 851
643 850
642 849
641 848
640 847
639 846
638 845
637 844
636 843
635 842
634 841
633 840
632 839
631 838
630 837
629 836
628 835
627 834
626 833
625 832
624 831
623 830
622 829
621 828
620 827
619 826
618 825
617 824
616 823
615 822
614 821
613 820
612 819
611 818
610 817
609 816
608 815
607 814
606 813
605 812
604 811
603 810
602 809
601 808
600 807
599 806
598 805
597 804
596 803
595 802
594 801
593 800
592 799
591 798
590 797
589 796
588 795
587 794
586 793
585 792
584 791
583 790
582 789
581 788
580 787
579 786
578 785
577 784
576 783
575 782
574 781
573 780
572 779
571 778
570 777
569 776
568 775
567 774
566 773
565 772
564 771
563 770
562 769
561 768
560 767
559 766
558 765
557 764
556 763
555 762
554 761
553 760
552 759
551 758
550 757
549 756
548 755
547 754
546 753
545 752
544 751
543 750
542 749
541 748
540 747
539 746
538 745
537 744
536 743
535 742
534 741
533 740
532 739
531 738
530 737
529 736
528 735
527 734
526 733
525 732
524 731
523 730
522 729
521 728
520 727
519 726
518 725
517 724
516 723
515 722
514 721
513 720
512 719
511 718
510 717
509 716
508 715
507 714
506 713
505 712
504 711
503 710
502 709
501 708
500 707
499 706
498 705
497 704
496 703
495 702
494 701
493 700
492 699
491 698
490 697
489 696
488 695
487 694
486 693
485 692
484 691
483 690
482 689
481 688
480 687
479 686
478 685
477 684
476 683
475 682
474 681
473 680
472 679
471 678
470 677
469 676
468 675
467 674
466 673
465 672
464 671
463 670
462 669
461 668
460 667
459 666
458 665
457 664
456 663
455 662
454 661
453 660
452 659
451 658
450 657
449 656
448 655
447 654
446 653
445 652
444 651
443 650
442 649
441 648
440 647
439 646
438 645
437 644
436 643
435 642
434 641
433 640
432 639
431 638
430 637
429 636
428 635
427 634
426 633
425 632
424 631
423 630
422 629
421 628
420 627
419 626
418 625
417 624
416 623
415 622
414 621
413 620
412 619
411 618
410 617
409 616
408 615
407 614
406 613
405 612
404 611
403 610
402 609
401 608
400 607
399 606
398 605
397 604
396 603
395 602
394 601
393 600
392 599
391 598
390 597
389 596
388 595
387 594
386 593
385 592
384 591
383 590
382 589
381 588
380 587
379 586
378 585
377 584
376 583
375 582
374 581
373 580
372 579
371 578
370 577
369 576
368 575
367 574
366 573
365 572
364 571
363 570
362 569
361 568
360 567
359 566
358 565
357 564
356 563
355 562
354 561
353 560
352 559
351 558
350 557
349 556
348 555
347 554
346 553
345 552
344 551
343 550
342 549
341 548
340 547
339 546
338 545
337 544
336 543
335 542
334 541
333 540
332 539
331 538
330 537
329 536
328 535
327 534
326 533
325 532
324 531
323 530
322 529
321 528
320 527
319 526
318 525
317 524
316 523
315 522
314 521
313 520
312 519
311 518
310 517
309 516
308 515
307 514
306 513
305 512
304 511
303 510
302 509
301 508
300 507
299 506
298 505
297 504
296 503
295 502
294 501
293 500
292 499
291 498
290 497
289 496
288 495
287 494
286 493
285 492
284 491
283 490
282 489
281 488
280 487
279 486
278 485
277 484
276 483
275 482
274 481
273 480
272 479
271 478
270 477
269 476
268 475
267 474
266 473
265 472
264 471
263 470
262 469
261 468
260 467
259 466
258 465
257 464
256 463
255 462
254 461
253 460
252 459
251 458
250 457
249 456
248 455
247 454
246 453
245 452
244 451
243 450
242 449
241 448
240 447
239 446
238 445
237 444
236 443
235 442
234 441
233 440
232 439
231 438
230 437
229 436
228 435
227 434
226 433
225 432
224 431
223 430
222 429
221 428
220 427
219 426
218 425
217 424
216 423
215 422
214 421
213 420
212 419
211 418
210 417
209 416
208 415
207 414
206 413
205 412
204 411
203 410
202 409
201 408
200 407
199 406
198 405
197 404
196 403
195 402
194 401
193 400
192 399
191 398
190 397
189 396
188 395
187 394
186 393
185 392
184 391
183 390
182 389
181 388
180 387
179 386
178 385
177 384
176 383
175 382
174 381
173 380
172 379
171 378
170 377
169 376
168 375
167 374
166 373
165 372
164 371
163 370
162 369
161 368
160 367
159 366
158 365
157 364
156 363
155 362
154 361
153 360
152 359
151 358
150 357
149 356
148 355
147 354
146 353
145 352
144 351
143 350
142 349
141 348
140 347
139 346
138 345
137 344
136 343
135 342
134 341
133 340
132 339
131 338
130 337
129 336
128 335
127 334
126 333
125 332
124 331
123 330
122 329
121 328
120 327
119 326
118 325
117 324
116 323
115 322
114 321
113 320
112 319
111 318
110 317
109 316
108 315
107 314
106 313
105 312
104 311
103 310
102 309
101 308
100 307
99 306
98 305
97 304
96 303
95 302
94 301
93 300
92 299
91 298
90 297
89 296
88 295
87 294
86 293
85 292
84 291
83 290
82 289
81 288
80 287
79 286
78 285
77 284
76 283
75 282
74 281
73 280
72 279
71 278
70 277
69 276
68 275
67 274
66 273
65 272
64 271
63 270
62 269
61 268
60 267
59 266
58 265
57 264
56 263
55 262
54 261
53 260
52 259
51 258
50 257
49 256
48 255
47 254
46 253
45 252
44 251
43 250
42 249
41 248
40 247
39 246
38 245
37 244
36 243
35 242
34 241
33 240
32 239
31 238
30 237
29 236
28 235
27 234
26 233
25 232
24 231
23 230
22 229
21 228
20 227
19 226
18 225
17 224
16 223
15 222
14 221
13 220
12 219
11 218
10 217
9 216
8 215
7 214
6 213
5 212
4 211
3 210
2 209
1 208
0 207
1000 206
1000 205
1000 204
1000 203
1000 202
1000 201
1000 200
1000 199
1000 198
1000 197
1000 196
1000 195
1000 194
1000 193
1000 192
1000 191
1000 190
1000 189
1000 188
1000 187
1000 186
1000 185
1000 184
1000 183
1000 182
1000 181
1000 180
1000 179
1000 178
1000 177
1000 176
1000 175
1000 174
1000 173
1000 172
1000 171
1000 170
1000 169
1000 168
1000 167
1000 166
1000 165
1000 164
1000 163
1000 162
1000 161
1000 160
1000 159
1000 158
1000 157
1000 156
1000 155
1000 154
1000 153
1000 152
1000 151
1000 150
1000 149
1000 148
1000 147
1000 146
1000 145
1000 144
1000 143
1000 142
1000 141
1000 140
1000 139
1000 138
1000 137
1000 136
1000 135
1000 134
1000 133
1000 132
1000 131
1000 130
1000 129
1000 128
1000 127
1000 126
1000 125
1000 124
1000 123
1000 122
1000 121
1000 120
1000 119
1000 118
1000 117
1000 116
1000 115
1000 114
1000 113
1000 112
1000 111
1000 110
1000 109
1000 108
1000 107
1000 106
1000 105
1000 104
1000 103
1000 102
1000 101
1000 100
1000 99
1000 98
1000 97
1000 96
1000 95
1000 94
1000 93
1000 92
1000 91
1000 90
1000 89
1000 88
1000 87
1000 86
1000 85
1000 84
1000 83
1000 82
1000 81
1000 80
1000 79
1000 78
1000 77
1000 76
1000 75
1000 74
1000 73
1000 72
1000 71
1000 70
1000 69
1000 68
1000 67
1000 66
1000 65
1000 64
1000 63
1000 62
1000 61
1000 60
1000 59
1000 58
1000 57
1000 56
1000 55
1000 54
1000 53
1000 52
1000 51
1000 50
1000 49
1000 48
1000 47
1000 46
1000 45
1000 44
1000 43
1000 42
1000 41
1000 40
1000 39
1000 38
1000 37
1000 36
1000 35
1000 34
1000 33
1000 32
1000 31
1000 30
1000 29
1000 28
1000 27
1000 26
1000 25
1000 24
1000 23
1000 22
1000 21
1000 20
1000 19
1000 18
1000 17
1000 16
1000 15
1000 14
1000 13
1000 12
1000 11
1000 10
1000 9
1000 8
1000 7
1000 6
1000 5
1000 4
1000 3
1000 2
1000 1
1000 0
1000 1000
1000 1000
1000 1000
1000 1000
1000 1000
1000 1000
1000 1000
1000 1000
1000 1000
1000 1000
1000 1000
1000 1000
1000 1000
1000 1000
1000 1000
1000 1000
1000 1000
1000 1000
1000 1000
1000 1000
1000 1000
1000 1000
1000 1000
1000 1000
1000 1000
1000 1000
1000 1000
1000 1000
1000 1000
1000 1000
1000 1000
1000 1000
1000 1000
1000 1000
1000 1000
1000 1000
1000 1000
1000 1000
1000 1000
1000 1000
1000 1000
1000 1000
1000 1000
1000 1000
1000 1000
1000 1000
1000 1000
1000 1000
1000 1000
1000 1000
1000 1000
1000 1000
1000 1000
1000 1000
1000 1000
1000 1000
1000 1000
1000 1000
1000 1000
1000 1000
1000 1000
1000 1000
1000 1000
1000 1000
1000 1000
1000 1000
1000 1000
1000 1000
1000 1000
1000 1000
1000 1000
1000 1000
1000 1000
1000 1000
1000 1000
1000 1000
1000 1000
1000 1000
1000 1000
1000 1000
1000 1000
1000 1000
1000 1000
1000 1000
1000 1000
1000 1000
1000 1000
1000 1000
1000 1000
1000 1000
1000 1000
1000 1000
1000 1000
1000 1000
1000 1000
1000 1000
1000 1000
1000 1000
1000 1000
1000 1000
1000 1000
1000 1000
1000 1000
1000 1000
1000 1000
1000 1000
1000 1000
1000 1000
1000 1000
1000 1000
1000 1000
1000 1000
1000 1000
1000 1000
1000 1000
1000 1000
1000 1000
1000 1000
1000 1000
1000 1000
1000 1000
1000 1000
1000 1000
1000 1000
1000 1000
1000 1000
1000 1000
1000 1000
1000 1000
1000 1000
1000 1000
1000 1000
1000 1000
1000 1000
1000 1000
1000 1000
1000 1000
1000 1000
1000 1000
1000 1000
1000 1000
1000 1000
1000 1000
1000 1000
1000 1000
1000 1000
1000 1000
1000 1000
1000 1000
1000 1000
1000 1000
1000 1000
1000 1000
1000 1000
1000 1000
1000 1000
1000 1000
1000 1000
1000 1000
1000 1000
1000 1000
1000 1000
1000 1000
1000 1000
1000 1000
1000 1000
1000 1000
1000 1000
1000 1000
1000 1000
1000 1000
1000 1000
1000 1000
1000 1000
1000 1000
1000 1000
1000 1000
1000 1000
1000 1000
1000 1000
1000 1000
1000 1000
1000 1000
1000 1000
1000 1000
1000 1000
1000 1000
1000 1000
1000 1000
1000 1000
1000 1000
1000 1000
1000 1000
1000 1000
1000 1000
1000 1000
1000 1000
1000 1000
1000 1000
1000 1000
1000 1000
1000 1000
1000 1000
1000 1000
1000 1000
1000 1000
1000 1000
1000 1000
1000 1000
1000 1000
1000 1000
1000 1000
1000 1000
1000 1000
1000 1000
1000 1000
1000 1000
1000 1000
1000 1000
1000 1000
1000 1000
1000 1000
1000 1000
1000 1000
1000 1000
1000 1000
1000 1000
1000 1000
1000 1000
1000 1000
1000 1000
1000 1000
1000 1000
1000 1000
1000 1000
1000 1000
1000 1000
1000 1000
1000 1000
1000 1000
1000 1000
1000 1000
1000 1000
1000 1000
1000 1000
1000 1000
1000 1000
1000 1000
1000 1000
1000 1000
1000 1000
1000 1000
1000 1000
1000 1000
1000 1000
1000 1000
1000 1000
1000 1000
1000 1000
1000 1000
1000 1000
1000 1000
1000 1000
1000 1000
1000 1000
1000 1000
1000 1000
1000 1000
1000 1000
1000 1000
1000 1000
1000 1000
1000 1000
1000 1000
1000 1000
1000 1000
1000 1000
1000 1000
1000 1000
1000 1000
1000 1000
1000 1000
1000 1000
1000 1000
1000 1000
1000 1000
1000 1000
1000 1000
1000 1000
1000 1000
1000 1000
1000 1000
1000 1000
1000 1000
1000 1000
1000 1000
1000 1000
1000 1000
1000 1000
1000 1000
1000 1000
1000 1000
1000 1000
1000 1000
1000 1000
1000 1000
1000 1000
1000 1000
1000 1000
1000 1000
1000 1000
1000 1000
1000 1000
1000 1000
1000 1000
1000 1000
1000 1000
1000 1000
1000 1000
1000 1000
1000 1000
1000 1000
1000 1000
1000 1000
1000 1000
1000 1000
1000 1000
1000 1000
1000 1000
1000 1000
1000 1000
1000 1000
1000 1000
1000 1000
1000 1000
1000 1000
1000 1000
1000 1000
1000 1000
1000 1000
1000 1000
1000 1000
1000 1000
1000 1000
1000 1000
1000 1000
1000 1000
1000 1000
1000 1000
1000 1000
1000 1000
1000 1000
1000 1000
1000 1000
1000 1000
1000 1000
1000 1000
1000 1000
1000 1000
1000 1000
1000 1000
1000 1000
1000 1000
1000 1000
1000 1000
1000 1000
1000 1000
1000 1000
1000 1000
1000 1000
1000 1000
1000 1000
1000 1000
1000 1000
1000 1000
1000 1000
1000 1000
1000 1000
1000 1000
1000 1000
1000 1000
1000 1000
1000 1000
1000 1000
1000 1000
1000 1000
1000 1000
1000 1000
1000 1000
1000 1000
1000 1000
1000 1000
1000 1000
1000 1000
1000 1000
1000 1000
1000 1000
1000 1000
1000 1000
1000 1000
1000 1000
1000 1000
1000 1000
1000 1000
1000 1000
1000 1000
1000 1000
1000 1000
1000 1000
1000 1000
1000 1000
1000 1000
1000 1000
1000 1000
1000 1000
1000 1000
1000 1000
1000 1000
1000 1000
1000 1000
1000 1000
1000 1000
1000 1000
1000 1000
1000 1000
1000 1000
1000 1000
1000 1000
1000 1000
1000 1000
1000 1000
1000 1000
1000 1000
1000 1000
1000 1000
1000 1000
1000 1000
1000 1000
1000 1000
1000 1000
1000 1000
1000 1000
1000 1000
1000 1000
1000 1000
1000 1000
1000 1000
1000 1000
1000 1000
1000 1000
1000 1000
1000 1000
1000 1000
1000 1000
1000 1000
1000 1000
1000 1000
1000 1000
1000 1000
1000 1000
1000 1000
1000 1000
1000 1000
1000 1000
1000 1000
1000 1000
1000 1000
1000 1000
1000 1000
1000 1000
1000 1000
1000 1000
1000 1000
1000 1000
1000 1000
1000 1000
1000 1000
1000 1000
1000 1000
1000 1000
1000 1000
1000 1000
1000 1000
1000 1000
1000 1000
1000 1000
1000 1000
1000 1000
1000 1000
1000 1000
1000 1000
1000 1000
1000 1000
1000 1000
1000 1000
1000 1000
1000 1000
1000 1000
1000 1000
1000 1000
1000 1000
1000 1000
1000 1000
1000 1000
1000 1000
1000 1000
1000 1000
1000 1000
1000 1000
1000 1000
1000 1000
1000 1000
1000 1000
1000 1000
1000 1000
1000 1000
1000 1000
1000 1000
1000 1000
1000 1000
1000 1000
1000 1000
1000 1000
1000 1000
1000 1000
1000 1000
1000 1000
1000 1000
1000 1000
1000 1000
1000 1000
1000 1000
1000 1000
1000 1000
1000 1000
1000 1000
1000 1000
1000 1000
1000 1000
1000 1000
1000 1000
1000 1000
1000 1000
1000 1000
1000 1000
1000 1000
1000 1000
1000 1000
1000 1000
1000 1000
1000 1000
1000 1000
1000 1000
1000 1000
1000 1000
1000 1000
1000 1000
1000 1000
1000 1000
1000 1000
1000 1000
1000 1000
1000 1000
1000 1000
1000 1000
1000 1000
1000 1000
1000 1000
1000 1000
1000 1000
1000 1000
1000 1000
1000 1000
1000 1000
1000 1000
1000 1000
1000 1000
1000 1000
1000 1000
1000 1000
1000 1000
1000 1000
1000 1000
1000 1000
1000 1000
1000 1000
1000 1000
1000 1000
1000 1000
1000 1000
1000 1000
1000 1000
1000 1000
1000 1000
1000 1000
1000 1000
1000 1000
1000 1000
1000 1000
1000 1000
1000 1000
1000 1000
1000 1000
1000 1000
1000 1000
1000 1000
1000 1000
1000 1000
1000 1000
1000 1000
1000 1000
1000 1000
1000 1000
1000 1000
1000 1000
1000 1000
1000 1000
1000 1000
1000 1000
1000 1000
1000 1000
1000 1000
1000 1000
1000 1000
1000 1000
1000 1000
1000 1000
1000 1000
1000 1000
1000 1000
1000 1000
1000 1000
1000 1000
1000 1000
1000 1000
1000 1000
1000 1000
1000 1000
1000 1000
1000 1000
1000 1000
1000 1000
1000 1000
1000 1000
1000 1000
1000 1000
1000 1000
1000 1000
1000 1000
1000 1000
1000 1000
1000 1000
1000 1000
1000 1000
1000 1000
1000 1000
1000 1000
1000 1000
1000 1000
1000 1000
1000 1000
1000 1000
1000 1000
1000 1000
1000 1000
1000 1000
1000 1000
1000 1000
1000 1000
1000 1000
1000 1000
1000 1000
1000 1000
1000 1000
1000 1000
1000 1000
1000 1000
1000 1000
1000 1000
1000 1000
1000 1000
1000 1000
1000 1000
1000 1000
1000 1000
1000 1000
1000 1000
1000 1000
1000 1000
1000 1000
1000 1000
1000 1000
1000 1000
1000 1000
1000 1000
1000 1000
1000 1000
1000 1000
1000 1000
1000 1000
1000 1000
1000 1000
1000 1000
1000 1000
1000 1000
1000 1000
1000 1000
1000 1000
1000 1000
1000 1000
1000 1000
1000 1000
1000 1000
1000 1000
1000 1000
1000 1000
1000 1000
1000 1000
1000 1000
1000 1000
1000 1000
1000 1000
1000 1000
1000 1000
1000 1000
1000 1000
1000 1000
1000 1000
1000 1000
1000 1000
1000 1000
1000 1000
1000 1000
1000 1000
1000 1000
1000 1000
1000 1000
1000 1000
1000 1000
1000 1000
1000 1000
1000 1000
1000 1000
1000 1000
1000 1000
1000 1000
1000 1000
1000 1000
1000 1000
1000 1000
1000 1000
1000 1000
1000 1000
1000 1000
1000 1000
1000 1000
1000 1000
1000 1000
1000 1000
1000 1000
1000 1000
1000 1000
1000 1000
1000 1000
1000 1000
1000 1000
1000 1000
1000 1000
1000 1000
1000 1000
1000 1000
1000 1000
1000 1000
1000 1000
1000 1000
1000 1000
1000 1000
1000 1000
1000 1000
1000 1000
1000 1000
1000 1000
1000 1000
1000 1000
1000 1000
1000 1000
1000 1000
1000 1000
1000 1000
1000 1000
1000 1000
1000 1000
1000 1000
1000 1000
1000 1000
1000 1000
1000 1000
1000 1000
1000 1000
1000 1000
1000 1000
1000 1000
1000 1000
1000 1000
1000 1000
1000 1000
1000 1000
1000 1000
1000 1000
1000 1000
1000 1000
1000 1000
1000 1000
1000 1000
1000 1000
1000 1000
1000 1000
1000 1000
1000 1000
1000 1000
1000 1000
1000 1000
1000 1000
1000 1000
1000 1000
1000 1000
1000 1000
1000 1000
1000 1000
1000 1000
1000 1000
1000 1000
1000 1000
1000 1000
1000 1000
1000 1000
1000 1000
1000 1000
1000 1000
1000 1000
1000 1000
1000 1000
1000 1000
1000 1000
1000 1000
1000 1000
1000 1000
1000 1000
1000 1000
1000 1000
1000 1000
1000 1000
1000 1000
1000 1000
1000 1000
1000 1000
1000 1000
1000 1000
1000 1000
1000 1000
1000 1000
1000 1000
1000 1000
1000 1000
1000 1000
1000 1000
1000 1000
1000 1000
1000 1000
1000 1000
1000 1000
1000 1000
1000 1000
1000 1000
1000 1000
1000 1000
1000 1000
1000 1000
1000 1000
1000 1000
1000 1000
1000 1000
1000 1000
1000 1000
1000 1000
1000 1000
1000 1000
1000 1000
1000 1000
1000 1000
1000 1000
1000 1000
1000 1000
1000 1000
1000 1000
1000 1000
1000 1000
1000 1000
1000 1000
1000 1000
1000 1000
1000 1000
1000 1000
1000 1000
1000 1000
1000 1000
1000 1000
1000 1000
1000 1000
1000 1000
1000 1000
1000 1000
1000 1000
1000 1000
1000 1000
1000 1000
1000 1000
1000 1000
1000 1000
1000 1000
1000 1000
1000 1000
1000 1000
1000 1000
1000 1000
1000 1000
1000 1000
1000 1000
1000 1000
1000 1000
1000 1000
1000 1000
1000 1000
1000 1000
1000 1000
1000 1000
1000 1000
1000 1000
1000 1000
1000 1000
1000 1000
1000 1000
1000 1000
1000 1000
1000 1000
1000 1000
1000 1000
1000 1000
1000 1000
1000 1000
1000 1000
1000 1000
1000 1000
1000 1000
1000 1000
1000 1000
1000 1000
1000 1000
1000 1000
1000 1000
1000 1000
1000 1000
1000 1000
1000 1000
1000 1000
1000 1000
1000 1000
1000 1000
1000 1000
1000 1000
1000 1000
1000 1000
1000 1000
1000 1000
1000 1000
1000 1000
1000 1000
1000 1000
1000 1000
1000 1000
1000 1000
1000 1000
1000 1000
1000 1000
1000 1000
1000 1000
1000 1000
1000 1000
1000 1000
1000 1000
1000 1000
1000 1000
1000 1000
1000 1000
1000 1000
1000 1000
1000 1000
1000 1000
1000 1000
1000 1000
1000 1000
1000 1000
1000 1000
1000 1000
1000 1000
1000 1000
1000 1000
1000 1000
1000 1000
1000 1000
1000 1000
1000 1000
1000 1000
1000 1000
1000 1000
1000 1000
1000 1000
1000 1000
1000 1000
1000 1000
1000 1000
1000 1000
1000 1000
1000 1000
1000 1000
1000 1000
1000 1000
1000 1000
1000 1000
1000 1000
1000 1000
1000 1000
1000 1000
1000 1000
1000 1000
1000 1000
1000 1000
1000 1000
1000 1000
1000 1000
1000 1000
1000 1000
1000 1000
1000 1000
1000 1000
1000 1000
1000 1000
1000 1000
1000 1000
1000 1000
1000 1000
1000 1000
1000 1000
1000 1000
1000 1000
1000 1000
1000 1000
1000 1000
1000 1000
1000 1000
1000 1000
1000 1000
1000 1000
1000 1000
1000 1000
1000 1000
1000 1000
1000 1000
1000 1000
1000 1000
1000 1000
1000 1000
1000 1000
1000 1000
1000 1000
1000 1000
1000 1000
1000 1000
1000 1000
1000 1000
1000 1000
1000 1000
1000 1000
1000 1000
1000 1000
1000 1000
1000 1000
1000 1000
1000 1000
1000 1000
1000 1000
1000 1000
1000 1000
1000 1000
1000 1000
1000 1000
1000 1000
1000 1000
1000 1000
1000 1000
1000 1000
1000 1000
1000 1000
1000 1000
1000 1000
1000 1000
1000 1000
1000 1000
1000 1000
1000 1000
1000 1000
1000 1000
1000 1000
1000 1000
1000 1000
1000 1000
1000 1000
1000 1000
1000 1000
1000 1000
1000 1000
1000 1000
1000 1000
1000 1000
1000 1000
1000 1000
1000 1000
1000 1000
1000 1000
1000 1000
1000 1000
1000 1000
1000 1000
1000 1000
1000 1000
1000 1000
1000 1000
1000 1000
1000 1000
1000 1000
1000 1000
1000 1000
1000 1000
1000 1000
1000 1000
1000 1000
1000 1000
1000 1000
1000 1000
1000 1000
1000 1000
1000 1000
1000 1000
1000 1000
1000 1000
1000 1000
1000 1000
1000 1000
1000 1000
1000 1000
1000 1000
1000 1000
1000 1000
1000 1000
1000 1000
1000 1000
1000 1000
1000 1000
1000 1000
1000 1000
1000 1000
1000 1000
1000 1000
1000 1000
1000 1000
1000 1000
1000 1000
1000 1000
1000 1000
1000 1000
1000 1000
1000 1000
1000 1000
1000 1000
1000 1000
1000 1000
1000 1000
1000 1000
1000 1000
1000 1000
1000 1000
1000 1000
1000 1000
1000 1000
1000 1000
1000 1000
1000 1000
1000 1000
1000 1000
1000 1000
1000 1000
1000 1000
1000 1000
1000 1000
1000 1000
1000 1000
1000 1000
1000 1000
1000 1000
1000 1000
1000 1000
1000 1000
1000 1000
1000 1000
1000 1000
1000 1000
1000 1000
1000 1000
1000 1000
1000 1000
1000 1000
1000 1000
1000 1000
1000 1000
1000 1000
1000 1000
1000 1000
1000 1000
1000 1000
1000 1000
1000 1000
1000 1000
1000 1000
1000 1000
1000 1000
1000 1000
1000 1000
1000 1000
1000 1000
1000 1000
1000 1000
1000 1000
1000 1000
1000 1000
1000 1000
1000 1000
1000 1000
1000 1000
1000 1000
1000 1000
1000 1000
1000 1000
1000 1000
1000 1000
1000 1000
1000 1000
1000 1000
1000 1000
1000 1000
1000 1000
1000 1000
1000 1000
1000 1000
1000 1000
1000 1000
1000 1000
1000 1000
1000 1000
1000 1000
1000 1000
1000 1000
1000 1000
1000 1000
1000 1000
1000 1000
1000 1000
1000 1000
1000 1000
1000 1000
1000 1000
1000 1000
1000 1000
1000 1000
1000 1000
1000 1000
1000 1000
1000 1000
1000 1000
1000 1000
1000 1000
1000 1000
1000 1000
1000 1000
1000 1000
1000 1000
1000 1000
1000 1000
1000 1000
1000 1000
1000 1000
1000 1000
1000 1000
1000 1000
1000 1000
1000 1000
1000 1000
1000 1000
1000 1000
1000 1000
1000 1000
1000 1000
1000 1000
1000 1000
1000 1000
1000 1000
1000 1000
1000 1000
1000 1000
1000 1000
1000 1000
1000 1000
1000 1000
1000 1000
1000 1000
1000 1000
1000 1000
1000 1000
1000 1000
1000 1000
1000 1000
1000 1000
1000 1000
1000 1000
1000 1000
1000 1000
1000 1000
1000 1000
1000 1000
1000 1000
1000 1000
1000 1000
1000 1000
1000 1000
1000 1000
1000 1000
1000 1000
1000 1000
1000 1000
1000 1000
1000 1000
1000 1000
1000 1000
1000 1000
1000 1000
1000 1000
1000 1000
1000 1000
1000 1000
1000 1000
1000 1000
1000 1000
1000 1000
1000 1000
1000 1000
1000 1000
1000 1000
1000 1000
1000 1000
1000 1000
1000 1000
1000 1000
1000 1000
1000 1000
1000 1000
1000 1000
1000 1000
1000 1000
1000 1000
1000 1000
1000 1000
1000 1000
1000 1000
1000 1000
1000 1000
1000 1000
1000 1000
1000 1000
1000 1000
1000 1000
1000 1000
1000 1000
1000 1000
1000 1000
1000 1000
1000 1000
1000 1000
1000 1000
1000 1000
1000 1000
1000 1000
1000 1000
1000 1000
1000 1000
1000 1000
1000 1000
1000 1000
1000 1000
1000 1000
1000 1000
1000 1000
1000 1000
1000 1000
1000 1000
1000 1000
1000 1000
1000 1000
1000 1000
1000 1000
1000 1000
1000 1000
1000 1000
1000 1000
1000 1000
1000 1000
1000 1000
1000 1000
1000 1000
1000 1000
1000 1000
1000 1000
1000 1000
1000 1000
1000 1000
1000 1000
1000 1000
1000 1000
1000 1000
1000 1000
1000 1000
1000 1000
1000 1000
1000 1000
1000 1000
1000 1000
1000 1000
1000 1000
1000 1000
1000 1000
1000 1000
1000 1000
1000 1000
1000 1000
1000 1000
1000 1000
1000 1000
1000 1000
1000 1000
1000 1000
1000 1000
1000 1000
1000 1000
1000 1000
1000 1000
1000 1000
1000 1000
1000 1000
1000 1000
1000 1000
1000 1000
1000 1000
1000 1000
1000 1000
1000 1000
1000 1000
1000 1000
1000 1000
1000 1000
1000 1000
1000 1000
1000 1000
1000 1000
1000 1000
1000 1000
1000 1000
1000 1000
1000 1000
1000 1000
1000 1000
1000 1000
1000 1000
1000 1000
1000 1000
1000 1000
1000 1000
1000 1000
1000 1000
1000 1000
1000 1000
1000 1000
1000 1000
1000 1000
1000 1000
1000 1000
1000 1000
1000 1000
1000 1000
1000 1000
1000 1000
1000 1000
1000 1000
1000 1000
1000 1000
1000 1000
1000 1000
1000 1000
1000 1000
1000 1000
1000 1000
1000 1000
1000 1000
1000 1000
1000 1000
1000 1000
1000 1000
1000 1000
1000 1000
1000 1000
1000 1000
1000 1000
1000 1000
1000 1000
1000 1000
1000 1000
1000 1000
1000 1000
1000 1000
1000 1000
1000 1000
1000 1000
1000 1000
1000 1000
1000 1000
1000 1000
1000 1000
1000 1000
1000 1000
1000 1000
1000 1000
1000 1000
1000 1000
1000 1000
1000 1000
1000 1000
1000 1000
1000 1000
1000 1000
1000 1000
1000 1000
1000 1000
1000 1000
1000 1000
1000 1000
1000 1000
1000 1000
1000 1000
1000 1000
1000 1000
1000 1000
1000 1000
1000 1000
1000 1000
1000 1000
1000 1000
1000 1000
1000 1000
1000 1000
1000 1000
1000 1000
1000 1000
1000 1000
1000 1000
1000 1000
1000 1000
1000 1000
1000 1000
1000 1000
1000 1000
1000 1000
1000 1000
1000 1000
1000 1000
1000 1000
1000 1000
1000 1000
1000 1000
1000 1000
1000 1000
1000 1000
1000 1000
1000 1000
1000 1000
1000 1000
1000 1000
1000 1000
1000 1000
1000 1000
1000 1000
1000 1000
1000 1000
1000 1000
1000 1000
1000 1000
1000 1000
1000 1000
1000 1000
1000 1000
1000 1000
1000 1000
1000 1000
1000 1000
1000 1000
1000 1000
1000 1000
1000 1000
1000 1000
1000 1000
1000 1000
1000 1000
1000 1000
1000 1000
1000 1000
1000 1000
1000 1000
1000 1000
1000 1000
1000 1000
1000 1000
1000 1000
1000 1000
1000 1000
1000 1000
1000 1000
1000 1000
1000 1000
1000 1000
1000 1000
1000 1000
1000 1000
1000 1000
1000 1000
1000 1000
1000 1000
1000 1000
1000 1000
1000 1000
1000 1000
1000 1000
1000 1000
1000 1000
1000 1000
1000 1000
1000 1000
1000 1000
1000 1000
1000 1000
1000 1000
1000 1000
1000 1000
1000 1000
1000 1000
1000 1000
1000 1000
1000 1000
1000 1000
1000 1000
1000 1000
1000 1000
1000 1000
1000 1000
1000 1000
1000 1000
1000 1000
1000 1000
1000 1000
1000 1000
1000 1000
1000 1000
1000 1000
1000 1000
1000 1000
1000 1000
1000 1000
1000 1000
1000 1000
1000 1000
1000 1000
1000 1000
1000 1000
1000 1000
1000 1000
1000 1000
1000 1000
1000 1000
1000 1000
1000 1000
1000 1000
1000 1000
1000 1000
1000 1000
1000 1000
1000 1000
1000 1000
1000 1000
1000 1000
1000 1000
1000 1000
1000 1000
1000 1000
1000 1000
1000 1000
1000 1000
1000 1000
1000 1000
1000 1000
1000 1000
1000 1000
1000 1000
1000 1000
1000 1000
1000 1000
1000 1000
1000 1000
1000 1000
1000 1000
1000 1000
1000 1000
1000 1000
1000 1000
1000 1000
1000 1000
1000 1000
1000 1000
1000 1000
1000 1000
1000 1000
1000 1000
1000 1000
1000 1000
1000 1000
1000 1000
1000 1000
1000 1000
1000 1000
1000 1000
1000 1000
1000 1000
1000 1000
1000 1000
1000 1000
1000 1000
1000 1000
1000 1000
1000 1000
1000 1000
1000 1000
1000 1000
1000 1000
1000 1000
1000 1000
1000 1000
1000 1000
1000 1000
1000 1000
1000 1000
1000 1000
1000 1000
