2709 1535
2708 1534
2707 1533
2706 1532
2705 1531
2704 1530
2703 1529
2702 1528
2701 1527
2700 1526
2699 1525
2698 1524
2697 1523
2696 1522
2695 1521
2694 1520
2693 1519
2692 1518
2691 1517
2690 1516
2689 1515
2688 1514
2687 1513
2686 1512
2685 1511
2684 1510
2683 1509
2682 1508
2681 1507
2680 1506
2679 1505
2678 1504
2677 1503
2676 1502
2675 1501
2674 1500
2673 1499
2672 1498
2671 1497
2670 1496
2669 1495
2668 1494
2667 1493
2666 1492
2665 1491
2664 1490
2663 1489
2662 1488
2661 1487
2660 1486
2659 1485
2658 1484
2657 1483
2656 1482
2655 1481
2654 1480
2653 1479
2652 1478
2651 1477
2650 1476
2649 1475
2648 1474
2647 1473
2646 1472
2645 1471
2644 1470
2643 1469
2642 1468
2641 1467
2640 1466
2639 1465
2638 1464
2637 1463
2636 1462
2635 1461
2634 1460
2633 1459
2632 1458
2631 1457
2630 1456
2629 1455
2628 1454
2627 1453
2626 1452
2625 1451
2624 1450
2623 1449
2622 1448
2621 1447
2620 1446
2619 1445
2618 1444
2617 1443
2616 1442
2615 1441
2614 1440
2613 1439
2612 1438
2611 1437
2610 1436
2609 1435
2608 1434
2607 1433
2606 1432
2605 1431
2604 1430
2603 1429
2602 1428
2601 1427
2600 1426
2599 1425
2598 1424
2597 1423
2596 1422
2595 1421
2594 1420
2593 1419
2592 1418
2591 1417
2590 1416
2589 1415
2588 1414
2587 1413
2586 1412
2585 1411
2584 1410
2583 1409
2582 1408
2581 1407
2580 1406
2579 1405
2578 1404
2577 1403
2576 1402
2575 1401
2574 1400
2573 1399
2572 1398
2571 1397
2570 1396
2569 1395
2568 1394
2567 1393
2566 1392
2565 1391
2564 1390
2563 1389
2562 1388
2561 1387
2560 1386
2559 1385
2558 1384
2557 1383
2556 1382
2555 1381
2554 1380
2553 1379
2552 1378
2551 1377
2550 1376
2549 1375
2548 1374
2547 1373
2546 1372
2545 1371
2544 1370
2543 1369
2542 1368
2541 1367
2540 1366
2539 1365
2538 1364
2537 1363
2536 1362
2535 1361
2534 1360
2533 1359
2532 1358
2531 1357
2530 1356
2529 1355
2528 1354
2527 1353
2526 1352
2525 1351
2524 1350
2523 1349
2522 1348
2521 1347
2520 1346
2519 1345
2518 1344
2517 1343
2516 1342
2515 1341
2514 1340
2513 1339
2512 1338
2511 1337
2510 1336
2509 1335
2508 1334
2507 1333
2506 1332
2505 1331
2504 1330
2503 1329
2502 1328
2501 1327
2500 1326
2499 1325
2498 1324
2497 1323
2496 1322
2495 1321
2494 1320
2493 1319
2492 1318
2491 1317
2490 1316
2489 1315
2488 1314
2487 1313
2486 1312
2485 1311
2484 1310
2483 1309
2482 1308
2481 1307
2480 1306
2479 1305
2478 1304
2477 1303
2476 1302
2475 1301
2474 1300
2473 1299
2472 1298
2471 1297
2470 1296
2469 1295
2468 1294
2467 1293
2466 1292
2465 1291
2464 1290
2463 1289
2462 1288
2461 1287
2460 1286
2459 1285
2458 1284
2457 1283
2456 1282
2455 1281
2454 1280
2453 1279
2452 1278
2451 1277
2450 1276
2449 1275
2448 1274
2447 1273
2446 1272
2445 1271
2444 1270
2443 1269
2442 1268
2441 1267
2440 1266
2439 1265
2438 1264
2437 1263
2436 1262
2435 1261
2434 1260
2433 1259
2432 1258
2431 1257
2430 1256
2429 1255
2428 1254
2427 1253
2426 1252
2425 1251
2424 1250
2423 1249
2422 1248
2421 1247
2420 1246
2419 1245
2418 1244
2417 1243
2416 1242
2415 1241
2414 1240
2413 1239
2412 1238
2411 1237
2410 1236
2409 1235
2408 1234
2407 1233
2406 1232
2405 1231
2404 1230
2403 1229
2402 1228
2401 1227
2400 1226
2399 1225
2398 1224
2397 1223
2396 1222
2395 1221
2394 1220
2393 1219
2392 1218
2391 1217
2390 1216
2389 1215
2388 1214
2387 1213
2386 1212
2385 1211
2384 1210
2383 1209
2382 1208
2381 1207
2380 1206
2379 1205
2378 1204
2377 1203
2376 1202
2375 1201
2374 1200
2373 1199
2372 1198
2371 1197
2370 1196
2369 1195
2368 1194
2367 1193
2366 1192
2365 1191
2364 1190
2363 1189
2362 1188
2361 1187
2360 1186
2359 1185
2358 1184
2357 1183
2356 1182
2355 1181
2354 1180
2353 1179
2352 1178
2351 1177
2350 1176
2349 1175
2348 1174
2347 1173
2346 1172
2345 1171
2344 1170
2343 1169
2342 1168
2341 1167
2340 1166
2339 1165
2338 1164
2337 1163
2336 1162
2335 1161
2334 1160
2333 1159
2332 1158
2331 1157
2330 1156
2329 1155
2328 1154
2327 1153
2326 1152
2325 1151
2324 1150
2323 1149
2322 1148
2321 1147
2320 1146
2319 1145
2318 1144
2317 1143
2316 1142
2315 1141
2314 1140
2313 1139
2312 1138
2311 1137
2310 1136
2309 1135
2308 1134
2307 1133
2306 1132
2305 1131
2304 1130
2303 1129
2302 1128
2301 1127
2300 1126
2299 1125
2298 1124
2297 1123
2296 1122
2295 1121
2294 1120
2293 1119
2292 1118
2291 1117
2290 1116
2289 1115
2288 1114
2287 1113
2286 1112
2285 1111
2284 1110
2283 1109
2282 1108
2281 1107
2280 1106
2279 1105
2278 1104
2277 1103
2276 1102
2275 1101
2274 1100
2273 1099
2272 1098
2271 1097
2270 1096
2269 1095
2268 1094
2267 1093
2266 1092
2265 1091
2264 1090
2263 1089
2262 1088
2261 1087
2260 1086
2259 1085
2258 1084
2257 1083
2256 1082
2255 1081
2254 1080
2253 1079
2252 1078
2251 1077
2250 1076
2249 1075
2248 1074
2247 1073
2246 1072
2245 1071
2244 1070
2243 1069
2242 1068
2241 1067
2240 1066
2239 1065
2238 1064
2237 1063
2236 1062
2235 1061
2234 1060
2233 1059
2232 1058
2231 1057
2230 1056
2229 1055
2228 1054
2227 1053
2226 1052
2225 1051
2224 1050
2223 1049
2222 1048
2221 1047
2220 1046
2219 1045
2218 1044
2217 1043
2216 1042
2215 1041
2214 1040
2213 1039
2212 1038
2211 1037
2210 1036
2209 1035
2208 1034
2207 1033
2206 1032
2205 1031
2204 1030
2203 1029
2202 1028
2201 1027
2200 1026
2199 1025
2198 1024
2197 1023
2196 1022
2195 1021
2194 1020
2193 1019
2192 1018
2191 1017
2190 1016
2189 1015
2188 1014
2187 1013
2186 1012
2185 1011
2184 1010
2183 1009
2182 1008
2181 1007
2180 1006
2179 1005
2178 1004
2177 1003
2176 1002
2175 1001
2174 1000
2173 999
2172 998
2171 997
2170 996
2169 995
2168 994
2167 993
2166 992
2165 991
2164 990
2163 989
2162 988
2161 987
2160 986
2159 985
2158 984
2157 983
2156 982
2155 981
2154 980
2153 979
2152 978
2151 977
2150 976
2149 975
2148 974
2147 973
2146 972
2145 971
2144 970
2143 969
2142 968
2141 967
2140 966
2139 965
2138 964
2137 963
2136 962
2135 961
2134 960
2133 959
2132 958
2131 957
2130 956
2129 955
2128 954
2127 953
2126 952
2125 951
2124 950
2123 949
2122 948
2121 947
2120 946
2119 945
2118 944
2117 943
2116 942
2115 941
2114 940
2113 939
2112 938
2111 937
2110 936
2109 935
2108 934
2107 933
2106 932
2105 931
2104 930
2103 929
2102 928
2101 927
2100 926
2099 925
2098 924
2097 923
2096 922
2095 921
2094 920
2093 919
2092 918
2091 917
2090 916
2089 915
2088 914
2087 913
2086 912
2085 911
2084 910
2083 909
2082 908
2081 907
2080 906
2079 905
2078 904
2077 903
2076 902
2075 901
2074 900
2073 899
2072 898
2071 897
2070 896
2069 895
2068 894
2067 893
2066 892
2065 891
2064 890
2063 889
2062 888
2061 887
2060 886
2059 885
2058 884
2057 883
2056 882
2055 881
2054 880
2053 879
2052 878
2051 877
2050 876
2049 875
2048 874
2047 873
2046 872
2045 871
2044 870
2043 869
2042 868
2041 867
2040 866
2039 865
2038 864
2037 863
2036 862
2035 861
2034 860
2033 859
2032 858
2031 857
2030 856
2029 855
2028 854
2027 853
2026 852
2025 851
2024 850
2023 849
2022 848
2021 847
2020 846
2019 845
2018 844
2017 843
2016 842
2015 841
2014 840
2013 839
2012 838
2011 837
2010 836
2009 835
2008 834
2007 833
2006 832
2005 831
2004 830
2003 829
2002 828
2001 827
2000 826
1999 825
1998 824
1997 823
1996 822
1995 821
1994 820
1993 819
1992 818
1991 817
1990 816
1989 815
1988 814
1987 813
1986 812
1985 811
1984 810
1983 809
1982 808
1981 807
1980 806
1979 805
1978 804
1977 803
1976 802
1975 801
1974 800
1973 799
1972 798
1971 797
1970 796
1969 795
1968 794
1967 793
1966 792
1965 791
1964 790
1963 789
1962 788
1961 787
1960 786
1959 785
1958 784
1957 783
1956 782
1955 781
1954 780
1953 779
1952 778
1951 777
1950 776
1949 775
1948 774
1947 773
1946 772
1945 771
1944 770
1943 769
1942 768
1941 767
1940 766
1939 765
1938 764
1937 763
1936 762
1935 761
1934 760
1933 759
1932 758
1931 757
1930 756
1929 755
1928 754
1927 753
1926 752
1925 751
1924 750
1923 749
1922 748
1921 747
1920 746
1919 745
1918 744
1917 743
1916 742
1915 741
1914 740
1913 739
1912 738
1911 737
1910 736
1909 735
1908 734
1907 733
1906 732
1905 731
1904 730
1903 729
1902 728
1901 727
1900 726
1899 725
1898 724
1897 723
1896 722
1895 721
1894 720
1893 719
1892 718
1891 717
1890 716
1889 715
1888 714
1887 713
1886 712
1885 711
1884 710
1883 709
1882 708
1881 707
1880 706
1879 705
1878 704
1877 703
1876 702
1875 701
1874 700
1873 699
1872 698
1871 697
1870 696
1869 695
1868 694
1867 693
1866 692
1865 691
1864 690
1863 689
1862 688
1861 687
1860 686
1859 685
1858 684
1857 683
1856 682
1855 681
1854 680
1853 679
1852 678
1851 677
1850 676
1849 675
1848 674
1847 673
1846 672
1845 671
1844 670
1843 669
1842 668
1841 667
1840 666
1839 665
1838 664
1837 663
1836 662
1835 661
1834 660
1833 659
1832 658
1831 657
1830 656
1829 655
1828 654
1827 653
1826 652
1825 651
1824 650
1823 649
1822 648
1821 647
1820 646
1819 645
1818 644
1817 643
1816 642
1815 641
1814 640
1813 639
1812 638
1811 637
1810 636
1809 635
1808 634
1807 633
1806 632
1805 631
1804 630
1803 629
1802 628
1801 627
1800 626
1799 625
1798 624
1797 623
1796 622
1795 621
1794 620
1793 619
1792 618
1791 617
1790 616
1789 615
1788 614
1787 613
1786 612
1785 611
1784 610
1783 609
1782 608
1781 607
1780 606
1779 605
1778 604
1777 603
1776 602
1775 601
1774 600
1773 599
1772 598
1771 597
1770 596
1769 595
1768 594
1767 593
1766 592
1765 591
1764 590
1763 589
1762 588
1761 587
1760 586
1759 585
1758 584
1757 583
1756 582
1755 581
1754 580
1753 579
1752 578
1751 577
1750 576
1749 575
1748 574
1747 573
1746 572
1745 571
1744 570
1743 569
1742 568
1741 567
1740 566
1739 565
1738 564
1737 563
1736 562
1735 561
1734 560
1733 559
1732 558
1731 557
1730 556
1729 555
1728 554
1727 553
1726 552
1725 551
1724 550
1723 549
1722 548
1721 547
1720 546
1719 545
1718 544
1717 543
1716 542
1715 541
1714 540
1713 539
1712 538
1711 537
1710 536
1709 535
1708 534
1707 533
1706 532
1705 531
1704 530
1703 529
1702 528
1701 527
1700 526
1699 525
1698 524
1697 523
1696 522
1695 521
1694 520
1693 519
1692 518
1691 517
1690 516
1689 515
1688 514
1687 513
1686 512
1685 511
1684 510
1683 509
1682 508
1681 507
1680 506
1679 505
1678 504
1677 503
1676 502
1675 501
1674 500
1673 499
1672 498
1671 497
1670 496
1669 495
1668 494
1667 493
1666 492
1665 491
1664 490
1663 489
1662 488
1661 487
1660 486
1659 485
1658 484
1657 483
1656 482
1655 481
1654 480
1653 479
1652 478
1651 477
1650 476
1649 475
1648 474
1647 473
1646 472
1645 471
1644 470
1643 469
1642 468
1641 467
1640 466
1639 465
1638 464
1637 463
1636 462
1635 461
1634 460
1633 459
1632 458
1631 457
1630 456
1629 455
1628 454
1627 453
1626 452
1625 451
1624 450
1623 449
1622 448
1621 447
1620 446
1619 445
1618 444
1617 443
1616 442
1615 441
1614 440
1613 439
1612 438
1611 437
1610 436
1609 435
1608 434
1607 433
1606 432
1605 431
1604 430
1603 429
1602 428
1601 427
1600 426
1599 425
1598 424
1597 423
1596 422
1595 421
1594 420
1593 419
1592 418
1591 417
1590 416
1589 415
1588 414
1587 413
1586 412
1585 411
1584 410
1583 409
1582 408
1581 407
1580 406
1579 405
1578 404
1577 403
1576 402
1575 401
1574 400
1573 399
1572 398
1571 397
1570 396
1569 395
1568 394
1567 393
1566 392
1565 391
1564 390
1563 389
1562 388
1561 387
1560 386
1559 385
1558 384
1557 383
1556 382
1555 381
1554 380
1553 379
1552 378
1551 377
1550 376
1549 375
1548 374
1547 373
1546 372
1545 371
1544 370
1543 369
1542 368
1541 367
1540 366
1539 365
1538 364
1537 363
1536 362
1535 361
1534 360
1533 359
1532 358
1531 357
1530 356
1529 355
1528 354
1527 353
1526 352
1525 351
1524 350
1523 349
1522 348
1521 347
1520 346
1519 345
1518 344
1517 343
1516 342
1515 341
1514 340
1513 339
1512 338
1511 337
1510 336
1509 335
1508 334
1507 333
1506 332
1505 331
1504 330
1503 329
1502 328
1501 327
1500 326
1499 325
1498 324
1497 323
1496 322
1495 321
1494 320
1493 319
1492 318
1491 317
1490 316
1489 315
1488 314
1487 313
1486 312
1485 311
1484 310
1483 309
1482 308
1481 307
1480 306
1479 305
1478 304
1477 303
1476 302
1475 301
1474 300
1473 299
1472 298
1471 297
1470 296
1469 295
1468 294
1467 293
1466 292
1465 291
1464 290
1463 289
1462 288
1461 287
1460 286
1459 285
1458 284
1457 283
1456 282
1455 281
1454 280
1453 279
1452 278
1451 277
1450 276
1449 275
1448 274
1447 273
1446 272
1445 271
1444 270
1443 269
1442 268
1441 267
1440 266
1439 265
1438 264
1437 263
1436 262
1435 261
1434 260
1433 259
1432 258
1431 257
1430 256
1429 255
1428 254
1427 253
1426 252
1425 251
1424 250
1423 249
1422 248
1421 247
1420 246
1419 245
1418 244
1417 243
1416 242
1415 241
1414 240
1413 239
1412 238
1411 237
1410 236
1409 235
1408 234
1407 233
1406 232
1405 231
1404 230
1403 229
1402 228
1401 227
1400 226
1399 225
1398 224
1397 223
1396 222
1395 221
1394 220
1393 219
1392 218
1391 217
1390 216
1389 215
1388 214
1387 213
1386 212
1385 211
1384 210
1383 209
1382 208
1381 207
1380 206
1379 205
1378 204
1377 203
1376 202
1375 201
1374 200
1373 199
1372 198
1371 197
1370 196
1369 195
1368 194
1367 193
1366 192
1365 191
1364 190
1363 189
1362 188
1361 187
1360 186
1359 185
1358 184
1357 183
1356 182
1355 181
1354 180
1353 179
1352 178
1351 177
1350 176
1349 175
1348 174
1347 173
1346 172
1345 171
1344 170
1343 169
1342 168
1341 167
1340 166
1339 165
1338 164
1337 163
1336 162
1335 161
1334 160
1333 159
1332 158
1331 157
1330 156
1329 155
1328 154
1327 153
1326 152
1325 151
1324 150
1323 149
1322 148
1321 147
1320 146
1319 145
1318 144
1317 143
1316 142
1315 141
1314 140
1313 139
1312 138
1311 137
1310 136
1309 135
1308 134
1307 133
1306 132
1305 131
1304 130
1303 129
1302 128
1301 127
1300 126
1299 125
1298 124
1297 123
1296 122
1295 121
1294 120
1293 119
1292 118
1291 117
1290 116
1289 115
1288 114
1287 113
1286 112
1285 111
1284 110
1283 109
1282 108
1281 107
1280 106
1279 105
1278 104
1277 103
1276 102
1275 101
1274 100
1273 99
1272 98
1271 97
1270 96
1269 95
1268 94
1267 93
1266 92
1265 91
1264 90
1263 89
1262 88
1261 87
1260 86
1259 85
1258 84
1257 83
1256 82
1255 81
1254 80
1253 79
1252 78
1251 77
1250 76
1249 75
1248 74
1247 73
1246 72
1245 71
1244 70
1243 69
1242 68
1241 67
1240 66
1239 65
1238 64
1237 63
1236 62
1235 61
1234 60
1233 59
1232 58
1231 57
1230 56
1229 55
1228 54
1227 53
1226 52
1225 51
1224 50
1223 49
1222 48
1221 47
1220 46
1219 45
1218 44
1217 43
1216 42
1215 41
1214 40
1213 39
1212 38
1211 37
1210 36
1209 35
1208 34
1207 33
1206 32
1205 31
1204 30
1203 29
1202 28
1201 27
1200 26
1199 25
1198 24
1197 23
1196 22
1195 21
1194 20
1193 19
1192 18
1191 17
1190 16
1189 15
1188 14
1187 13
1186 12
1185 11
1184 10
1183 9
1182 8
1181 7
1180 6
1179 5
1178 4
1177 3
1176 2
1175 1
1174 0
1173 1246
1172 1245
1171 1244
1170 1243
1169 1242
1168 1241
1167 1240
1166 1239
1165 1238
1164 1237
1163 1236
1162 1235
1161 1234
1160 1233
1159 1232
1158 1231
1157 1230
1156 1229
1155 1228
1154 1227
1153 1226
1152 1225
1151 1224
1150 1223
1149 1222
1148 1221
1147 1220
1146 1219
1145 1218
1144 1217
1143 1216
1142 1215
1141 1214
1140 1213
1139 1212
1138 1211
1137 1210
1136 1209
1135 1208
1134 1207
1133 1206
1132 1205
1131 1204
1130 1203
1129 1202
1128 1201
1127 1200
1126 1199
1125 1198
1124 1197
1123 1196
1122 1195
1121 1194
1120 1193
1119 1192
1118 1191
1117 1190
1116 1189
1115 1188
1114 1187
1113 1186
1112 1185
1111 1184
1110 1183
1109 1182
1108 1181
1107 1180
1106 1179
1105 1178
1104 1177
1103 1176
1102 1175
1101 1174
1100 1173
1099 1172
1098 1171
1097 1170
1096 1169
1095 1168
1094 1167
1093 1166
1092 1165
1091 1164
1090 1163
1089 1162
1088 1161
1087 1160
1086 1159
1085 1158
1084 1157
1083 1156
1082 1155
1081 1154
1080 1153
1079 1152
1078 1151
1077 1150
1076 1149
1075 1148
1074 1147
1073 1146
1072 1145
1071 1144
1070 1143
1069 1142
1068 1141
1067 1140
1066 1139
1065 1138
1064 1137
1063 1136
1062 1135
1061 1134
1060 1133
1059 1132
1058 1131
1057 1130
1056 1129
1055 1128
1054 1127
1053 1126
1052 1125
1051 1124
1050 1123
1049 1122
1048 1121
1047 1120
1046 1119
1045 1118
1044 1117
1043 1116
1042 1115
1041 1114
1040 1113
1039 1112
1038 1111
1037 1110
1036 1109
1035 1108
1034 1107
1033 1106
1032 1105
1031 1104
1030 1103
1029 1102
1028 1101
1027 1100
1026 1099
1025 1098
1024 1097
1023 1096
1022 1095
1021 1094
1020 1093
1019 1092
1018 1091
1017 1090
1016 1089
1015 1088
1014 1087
1013 1086
1012 1085
1011 1084
1010 1083
1009 1082
1008 1081
1007 1080
1006 1079
1005 1078
1004 1077
1003 1076
1002 1075
1001 1074
1000 1073
999 1072
998 1071
997 1070
996 1069
995 1068
994 1067
993 1066
992 1065
991 1064
990 1063
989 1062
988 1061
987 1060
986 1059
985 1058
984 1057
983 1056
982 1055
981 1054
980 1053
979 1052
978 1051
977 1050
976 1049
975 1048
974 1047
973 1046
972 1045
971 1044
970 1043
969 1042
968 1041
967 1040
966 1039
965 1038
964 1037
963 1036
962 1035
961 1034
960 1033
959 1032
958 1031
957 1030
956 1029
955 1028
954 1027
953 1026
952 1025
951 1024
950 1023
949 1022
948 1021
947 1020
946 1019
945 1018
944 1017
943 1016
942 1015
941 1014
940 1013
939 1012
938 1011
937 1010
936 1009
935 1008
934 1007
933 1006
932 1005
931 1004
930 1003
929 1002
928 1001
927 1000
926 999
925 998
924 997
923 996
922 995
921 994
920 993
919 992
918 991
917 990
916 989
915 988
914 987
913 986
912 985
911 984
910 983
909 982
908 981
907 980
906 979
905 978
904 977
903 976
902 975
901 974
900 973
899 972
898 971
897 970
896 969
895 968
894 967
893 966
892 965
891 964
890 963
889 962
888 961
887 960
886 959
885 958
884 957
883 956
882 955
881 954
880 953
879 952
878 951
877 950
876 949
875 948
874 947
873 946
872 945
871 944
870 943
869 942
868 941
867 940
866 939
865 938
864 937
863 936
862 935
861 934
860 933
859 932
858 931
857 930
856 929
855 928
854 927
853 926
852 925
851 924
850 923
849 922
848 921
847 920
846 919
845 918
844 917
843 916
842 915
841 914
840 913
839 912
838 911
837 910
836 909
835 908
834 907
833 906
832 905
831 904
830 903
829 902
828 901
827 900
826 899
825 898
824 897
823 896
822 895
821 894
820 893
819 892
818 891
817 890
816 889
815 888
814 887
813 886
812 885
811 884
810 883
809 882
808 881
807 880
806 879
805 878
804 877
803 876
802 875
801 874
800 873
799 872
798 871
797 870
796 869
795 868
794 867
793 866
792 865
791 864
790 863
789 862
788 861
787 860
786 859
785 858
784 857
783 856
782 855
781 854
780 853
779 852
778 851
777 850
776 849
775 848
774 847
773 846
772 845
771 844
770 843
769 842
768 841
767 840
766 839
765 838
764 837
763 836
762 835
761 834
760 833
759 832
758 831
757 830
756 829
755 828
754 827
753 826
752 825
751 824
750 823
749 822
748 821
747 820
746 819
745 818
744 817
743 816
742 815
741 814
740 813
739 812
738 811
737 810
736 809
735 808
734 807
733 806
732 805
731 804
730 803
729 802
728 801
727 800
726 799
725 798
724 797
723 796
722 795
721 794
720 793
719 792
718 791
717 790
716 789
715 788
714 787
713 786
712 785
711 784
710 783
709 782
708 781
707 780
706 779
705 778
704 777
703 776
702 775
701 774
700 773
699 772
698 771
697 770
696 769
695 768
694 767
693 766
692 765
691 764
690 763
689 762
688 761
687 760
686 759
685 758
684 757
683 756
682 755
681 754
680 753
679 752
678 751
677 750
676 749
675 748
674 747
673 746
672 745
671 744
670 743
669 742
668 741
667 740
666 739
665 738
664 737
663 736
662 735
661 734
660 733
659 732
658 731
657 730
656 729
655 728
654 727
653 726
652 725
651 724
650 723
649 722
648 721
647 720
646 719
645 718
644 717
643 716
642 715
641 714
640 713
639 712
638 711
637 710
636 709
635 708
634 707
633 706
632 705
631 704
630 703
629 702
628 701
627 700
626 699
625 698
624 697
623 696
622 695
621 694
620 693
619 692
618 691
617 690
616 689
615 688
614 687
613 686
612 685
611 684
610 683
609 682
608 681
607 680
606 679
605 678
604 677
603 676
602 675
601 674
600 673
599 672
598 671
597 670
596 669
595 668
594 667
593 666
592 665
591 664
590 663
589 662
588 661
587 660
586 659
585 658
584 657
583 656
582 655
581 654
580 653
579 652
578 651
577 650
576 649
575 648
574 647
573 646
572 645
571 644
570 643
569 642
568 641
567 640
566 639
565 638
564 637
563 636
562 635
561 634
560 633
559 632
558 631
557 630
556 629
555 628
554 627
553 626
552 625
551 624
550 623
549 622
548 621
547 620
546 619
545 618
544 617
543 616
542 615
541 614
540 613
539 612
538 611
537 610
536 609
535 608
534 607
533 606
532 605
531 604
530 603
529 602
528 601
527 600
526 599
525 598
524 597
523 596
522 595
521 594
520 593
519 592
518 591
517 590
516 589
515 588
514 587
513 586
512 585
511 584
510 583
509 582
508 581
507 580
506 579
505 578
504 577
503 576
502 575
501 574
500 573
499 572
498 571
497 570
496 569
495 568
494 567
493 566
492 565
491 564
490 563
489 562
488 561
487 560
486 559
485 558
484 557
483 556
482 555
481 554
480 553
479 552
478 551
477 550
476 549
475 548
474 547
473 546
472 545
471 544
470 543
469 542
468 541
467 540
466 539
465 538
464 537
463 536
462 535
461 534
460 533
459 532
458 531
457 530
456 529
455 528
454 527
453 526
452 525
451 524
450 523
449 522
448 521
447 520
446 519
445 518
444 517
443 516
442 515
441 514
440 513
439 512
438 511
437 510
436 509
435 508
434 507
433 506
432 505
431 504
430 503
429 502
428 501
427 500
426 499
425 498
424 497
423 496
422 495
421 494
420 493
419 492
418 491
417 490
416 489
415 488
414 487
413 486
412 485
411 484
410 483
409 482
408 481
407 480
406 479
405 478
404 477
403 476
402 475
401 474
400 473
399 472
398 471
397 470
396 469
395 468
394 467
393 466
392 465
391 464
390 463
389 462
388 461
387 460
386 459
385 458
384 457
383 456
382 455
381 454
380 453
379 452
378 451
377 450
376 449
375 448
374 447
373 446
372 445
371 444
370 443
369 442
368 441
367 440
366 439
365 438
364 437
363 436
362 435
361 434
360 433
359 432
358 431
357 430
356 429
355 428
354 427
353 426
352 425
351 424
350 423
349 422
348 421
347 420
346 419
345 418
344 417
343 416
342 415
341 414
340 413
339 412
338 411
337 410
336 409
335 408
334 407
333 406
332 405
331 404
330 403
329 402
328 401
327 400
326 399
325 398
324 397
323 396
322 395
321 394
320 393
319 392
318 391
317 390
316 389
315 388
314 387
313 386
312 385
311 384
310 383
309 382
308 381
307 380
306 379
305 378
304 377
303 376
302 375
301 374
300 373
299 372
298 371
297 370
296 369
295 368
294 367
293 366
292 365
291 364
290 363
289 362
288 361
287 360
286 359
285 358
284 357
283 356
282 355
281 354
280 353
279 352
278 351
277 350
276 349
275 348
274 347
273 346
272 345
271 344
270 343
269 342
268 341
267 340
266 339
265 338
264 337
263 336
262 335
261 334
260 333
259 332
258 331
257 330
256 329
255 328
254 327
253 326
252 325
251 324
250 323
249 322
248 321
247 320
246 319
245 318
244 317
243 316
242 315
241 314
240 313
239 312
238 311
237 310
236 309
235 308
234 307
233 306
232 305
231 304
230 303
229 302
228 301
227 300
226 299
225 298
224 297
223 296
222 295
221 294
220 293
219 292
218 291
217 290
216 289
215 288
214 287
213 286
212 285
211 284
210 283
209 282
208 281
207 280
206 279
205 278
204 277
203 276
202 275
201 274
200 273
199 272
198 271
197 270
196 269
195 268
194 267
193 266
192 265
191 264
190 263
189 262
188 261
187 260
186 259
185 258
184 257
183 256
182 255
181 254
180 253
179 252
178 251
177 250
176 249
175 248
174 247
173 246
172 245
171 244
170 243
169 242
168 241
167 240
166 239
165 238
164 237
163 236
162 235
161 234
160 233
159 232
158 231
157 230
156 229
155 228
154 227
153 226
152 225
151 224
150 223
149 222
148 221
147 220
146 219
145 218
144 217
143 216
142 215
141 214
140 213
139 212
138 211
137 210
136 209
135 208
134 207
133 206
132 205
131 204
130 203
129 202
128 201
127 200
126 199
125 198
124 197
123 196
122 195
121 194
120 193
119 192
118 191
117 190
116 189
115 188
114 187
113 186
112 185
111 184
110 183
109 182
108 181
107 180
106 179
105 178
104 177
103 176
102 175
101 174
100 173
99 172
98 171
97 170
96 169
95 168
94 167
93 166
92 165
91 164
90 163
89 162
88 161
87 160
86 159
85 158
84 157
83 156
82 155
81 154
80 153
79 152
78 151
77 150
76 149
75 148
74 147
73 146
72 145
71 144
70 143
69 142
68 141
67 140
66 139
65 138
64 137
63 136
62 135
61 134
60 133
59 132
58 131
57 130
56 129
55 128
54 127
53 126
52 125
51 124
50 123
49 122
48 121
47 120
46 119
45 118
44 117
43 116
42 115
41 114
40 113
39 112
38 111
37 110
36 109
35 108
34 107
33 106
32 105
31 104
30 103
29 102
28 101
27 100
26 99
25 98
24 97
23 96
22 95
21 94
20 93
19 92
18 91
17 90
16 89
15 88
14 87
13 86
12 85
11 84
10 83
9 82
8 81
7 80
6 79
5 78
4 77
3 76
2 75
1 74
0 73
1000 72
1000 71
1000 70
1000 69
1000 68
1000 67
1000 66
1000 65
1000 64
1000 63
1000 62
1000 61
1000 60
1000 59
1000 58
1000 57
1000 56
1000 55
1000 54
1000 53
1000 52
1000 51
1000 50
1000 49
1000 48
1000 47
1000 46
1000 45
1000 44
1000 43
1000 42
1000 41
1000 40
1000 39
1000 38
1000 37
1000 36
1000 35
1000 34
1000 33
1000 32
1000 31
1000 30
1000 29
1000 28
1000 27
1000 26
1000 25
1000 24
1000 23
1000 22
1000 21
1000 20
1000 19
1000 18
1000 17
1000 16
1000 15
1000 14
1000 13
1000 12
1000 11
1000 10
1000 9
1000 8
1000 7
1000 6
1000 5
1000 4
1000 3
1000 2
1000 1
1000 0
1000 1000
1000 1000
1000 1000
1000 1000
1000 1000
1000 1000
1000 1000
1000 1000
1000 1000
1000 1000
1000 1000
1000 1000
1000 1000
1000 1000
1000 1000
1000 1000
1000 1000
1000 1000
1000 1000
1000 1000
1000 1000
1000 1000
1000 1000
1000 1000
1000 1000
1000 1000
1000 1000
1000 1000
1000 1000
1000 1000
1000 1000
1000 1000
1000 1000
1000 1000
1000 1000
1000 1000
1000 1000
1000 1000
1000 1000
1000 1000
1000 1000
1000 1000
1000 1000
1000 1000
1000 1000
1000 1000
1000 1000
1000 1000
1000 1000
1000 1000
1000 1000
1000 1000
1000 1000
1000 1000
1000 1000
1000 1000
1000 1000
1000 1000
1000 1000
1000 1000
1000 1000
1000 1000
1000 1000
1000 1000
1000 1000
1000 1000
1000 1000
1000 1000
1000 1000
1000 1000
1000 1000
1000 1000
1000 1000
1000 1000
1000 1000
1000 1000
1000 1000
1000 1000
1000 1000
1000 1000
1000 1000
1000 1000
1000 1000
1000 1000
1000 1000
1000 1000
1000 1000
1000 1000
1000 1000
1000 1000
1000 1000
1000 1000
1000 1000
1000 1000
1000 1000
1000 1000
1000 1000
1000 1000
1000 1000
1000 1000
1000 1000
1000 1000
1000 1000
1000 1000
1000 1000
1000 1000
1000 1000
1000 1000
1000 1000
1000 1000
1000 1000
1000 1000
1000 1000
1000 1000
1000 1000
1000 1000
1000 1000
1000 1000
1000 1000
1000 1000
1000 1000
1000 1000
1000 1000
1000 1000
1000 1000
1000 1000
1000 1000
1000 1000
1000 1000
1000 1000
1000 1000
1000 1000
1000 1000
1000 1000
1000 1000
1000 1000
1000 1000
1000 1000
1000 1000
1000 1000
1000 1000
1000 1000
1000 1000
1000 1000
1000 1000
1000 1000
1000 1000
1000 1000
1000 1000
1000 1000
1000 1000
1000 1000
1000 1000
1000 1000
1000 1000
1000 1000
1000 1000
1000 1000
1000 1000
1000 1000
1000 1000
1000 1000
1000 1000
1000 1000
1000 1000
1000 1000
1000 1000
1000 1000
1000 1000
1000 1000
1000 1000
1000 1000
1000 1000
1000 1000
1000 1000
1000 1000
1000 1000
1000 1000
1000 1000
1000 1000
1000 1000
1000 1000
1000 1000
1000 1000
1000 1000
1000 1000
1000 1000
1000 1000
1000 1000
1000 1000
1000 1000
1000 1000
1000 1000
1000 1000
1000 1000
1000 1000
1000 1000
1000 1000
1000 1000
1000 1000
1000 1000
1000 1000
1000 1000
1000 1000
1000 1000
1000 1000
1000 1000
1000 1000
1000 1000
1000 1000
1000 1000
1000 1000
1000 1000
1000 1000
1000 1000
1000 1000
1000 1000
1000 1000
1000 1000
1000 1000
1000 1000
1000 1000
1000 1000
1000 1000
1000 1000
1000 1000
1000 1000
1000 1000
1000 1000
1000 1000
1000 1000
1000 1000
1000 1000
1000 1000
1000 1000
1000 1000
1000 1000
1000 1000
1000 1000
1000 1000
1000 1000
1000 1000
1000 1000
1000 1000
1000 1000
1000 1000
1000 1000
1000 1000
1000 1000
1000 1000
1000 1000
1000 1000
1000 1000
1000 1000
1000 1000
1000 1000
1000 1000
1000 1000
1000 1000
1000 1000
1000 1000
1000 1000
1000 1000
1000 1000
1000 1000
1000 1000
1000 1000
1000 1000
1000 1000
1000 1000
1000 1000
1000 1000
1000 1000
1000 1000
1000 1000
1000 1000
1000 1000
1000 1000
1000 1000
1000 1000
1000 1000
1000 1000
1000 1000
1000 1000
1000 1000
1000 1000
1000 1000
1000 1000
1000 1000
