2637 1535
2636 1534
2635 1533
2634 1532
2633 1531
2632 1530
2631 1529
2630 1528
2629 1527
2628 1526
2627 1525
2626 1524
2625 1523
2624 1522
2623 1521
2622 1520
2621 1519
2620 1518
2619 1517
2618 1516
2617 1515
2616 1514
2615 1513
2614 1512
2613 1511
2612 1510
2611 1509
2610 1508
2609 1507
2608 1506
2607 1505
2606 1504
2605 1503
2604 1502
2603 1501
2602 1500
2601 1499
2600 1498
2599 1497
2598 1496
2597 1495
2596 1494
2595 1493
2594 1492
2593 1491
2592 1490
2591 1489
2590 1488
2589 1487
2588 1486
2587 1485
2586 1484
2585 1483
2584 1482
2583 1481
2582 1480
2581 1479
2580 1478
2579 1477
2578 1476
2577 1475
2576 1474
2575 1473
2574 1472
2573 1471
2572 1470
2571 1469
2570 1468
2569 1467
2568 1466
2567 1465
2566 1464
2565 1463
2564 1462
2563 1461
2562 1460
2561 1459
2560 1458
2559 1457
2558 1456
2557 1455
2556 1454
2555 1453
2554 1452
2553 1451
2552 1450
2551 1449
2550 1448
2549 1447
2548 1446
2547 1445
2546 1444
2545 1443
2544 1442
2543 1441
2542 1440
2541 1439
2540 1438
2539 1437
2538 1436
2537 1435
2536 1434
2535 1433
2534 1432
2533 1431
2532 1430
2531 1429
2530 1428
2529 1427
2528 1426
2527 1425
2526 1424
2525 1423
2524 1422
2523 1421
2522 1420
2521 1419
2520 1418
2519 1417
2518 1416
2517 1415
2516 1414
2515 1413
2514 1412
2513 1411
2512 1410
2511 1409
2510 1408
2509 1407
2508 1406
2507 1405
2506 1404
2505 1403
2504 1402
2503 1401
2502 1400
2501 1399
2500 1398
2499 1397
2498 1396
2497 1395
2496 1394
2495 1393
2494 1392
2493 1391
2492 1390
2491 1389
2490 1388
2489 1387
2488 1386
2487 1385
2486 1384
2485 1383
2484 1382
2483 1381
2482 1380
2481 1379
2480 1378
2479 1377
2478 1376
2477 1375
2476 1374
2475 1373
2474 1372
2473 1371
2472 1370
2471 1369
2470 1368
2469 1367
2468 1366
2467 1365
2466 1364
2465 1363
2464 1362
2463 1361
2462 1360
2461 1359
2460 1358
2459 1357
2458 1356
2457 1355
2456 1354
2455 1353
2454 1352
2453 1351
2452 1350
2451 1349
2450 1348
2449 1347
2448 1346
2447 1345
2446 1344
2445 1343
2444 1342
2443 1341
2442 1340
2441 1339
2440 1338
2439 1337
2438 1336
2437 1335
2436 1334
2435 1333
2434 1332
2433 1331
2432 1330
2431 1329
2430 1328
2429 1327
2428 1326
2427 1325
2426 1324
2425 1323
2424 1322
2423 1321
2422 1320
2421 1319
2420 1318
2419 1317
2418 1316
2417 1315
2416 1314
2415 1313
2414 1312
2413 1311
2412 1310
2411 1309
2410 1308
2409 1307
2408 1306
2407 1305
2406 1304
2405 1303
2404 1302
2403 1301
2402 1300
2401 1299
2400 1298
2399 1297
2398 1296
2397 1295
2396 1294
2395 1293
2394 1292
2393 1291
2392 1290
2391 1289
2390 1288
2389 1287
2388 1286
2387 1285
2386 1284
2385 1283
2384 1282
2383 1281
2382 1280
2381 1279
2380 1278
2379 1277
2378 1276
2377 1275
2376 1274
2375 1273
2374 1272
2373 1271
2372 1270
2371 1269
2370 1268
2369 1267
2368 1266
2367 1265
2366 1264
2365 1263
2364 1262
2363 1261
2362 1260
2361 1259
2360 1258
2359 1257
2358 1256
2357 1255
2356 1254
2355 1253
2354 1252
2353 1251
2352 1250
2351 1249
2350 1248
2349 1247
2348 1246
2347 1245
2346 1244
2345 1243
2344 1242
2343 1241
2342 1240
2341 1239
2340 1238
2339 1237
2338 1236
2337 1235
2336 1234
2335 1233
2334 1232
2333 1231
2332 1230
2331 1229
2330 1228
2329 1227
2328 1226
2327 1225
2326 1224
2325 1223
2324 1222
2323 1221
2322 1220
2321 1219
2320 1218
2319 1217
2318 1216
2317 1215
2316 1214
2315 1213
2314 1212
2313 1211
2312 1210
2311 1209
2310 1208
2309 1207
2308 1206
2307 1205
2306 1204
2305 1203
2304 1202
2303 1201
2302 1200
2301 1199
2300 1198
2299 1197
2298 1196
2297 1195
2296 1194
2295 1193
2294 1192
2293 1191
2292 1190
2291 1189
2290 1188
2289 1187
2288 1186
2287 1185
2286 1184
2285 1183
2284 1182
2283 1181
2282 1180
2281 1179
2280 1178
2279 1177
2278 1176
2277 1175
2276 1174
2275 1173
2274 1172
2273 1171
2272 1170
2271 1169
2270 1168
2269 1167
2268 1166
2267 1165
2266 1164
2265 1163
2264 1162
2263 1161
2262 1160
2261 1159
2260 1158
2259 1157
2258 1156
2257 1155
2256 1154
2255 1153
2254 1152
2253 1151
2252 1150
2251 1149
2250 1148
2249 1147
2248 1146
2247 1145
2246 1144
2245 1143
2244 1142
2243 1141
2242 1140
2241 1139
2240 1138
2239 1137
2238 1136
2237 1135
2236 1134
2235 1133
2234 1132
2233 1131
2232 1130
2231 1129
2230 1128
2229 1127
2228 1126
2227 1125
2226 1124
2225 1123
2224 1122
2223 1121
2222 1120
2221 1119
2220 1118
2219 1117
2218 1116
2217 1115
2216 1114
2215 1113
2214 1112
2213 1111
2212 1110
2211 1109
2210 1108
2209 1107
2208 1106
2207 1105
2206 1104
2205 1103
2204 1102
2203 1101
2202 1100
2201 1099
2200 1098
2199 1097
2198 1096
2197 1095
2196 1094
2195 1093
2194 1092
2193 1091
2192 1090
2191 1089
2190 1088
2189 1087
2188 1086
2187 1085
2186 1084
2185 1083
2184 1082
2183 1081
2182 1080
2181 1079
2180 1078
2179 1077
2178 1076
2177 1075
2176 1074
2175 1073
2174 1072
2173 1071
2172 1070
2171 1069
2170 1068
2169 1067
2168 1066
2167 1065
2166 1064
2165 1063
2164 1062
2163 1061
2162 1060
2161 1059
2160 1058
2159 1057
2158 1056
2157 1055
2156 1054
2155 1053
2154 1052
2153 1051
2152 1050
2151 1049
2150 1048
2149 1047
2148 1046
2147 1045
2146 1044
2145 1043
2144 1042
2143 1041
2142 1040
2141 1039
2140 1038
2139 1037
2138 1036
2137 1035
2136 1034
2135 1033
2134 1032
2133 1031
2132 1030
2131 1029
2130 1028
2129 1027
2128 1026
2127 1025
2126 1024
2125 1023
2124 1022
2123 1021
2122 1020
2121 1019
2120 1018
2119 1017
2118 1016
2117 1015
2116 1014
2115 1013
2114 1012
2113 1011
2112 1010
2111 1009
2110 1008
2109 1007
2108 1006
2107 1005
2106 1004
2105 1003
2104 1002
2103 1001
2102 1000
2101 999
2100 998
2099 997
2098 996
2097 995
2096 994
2095 993
2094 992
2093 991
2092 990
2091 989
2090 988
2089 987
2088 986
2087 985
2086 984
2085 983
2084 982
2083 981
2082 980
2081 979
2080 978
2079 977
2078 976
2077 975
2076 974
2075 973
2074 972
2073 971
2072 970
2071 969
2070 968
2069 967
2068 966
2067 965
2066 964
2065 963
2064 962
2063 961
2062 960
2061 959
2060 958
2059 957
2058 956
2057 955
2056 954
2055 953
2054 952
2053 951
2052 950
2051 949
2050 948
2049 947
2048 946
2047 945
2046 944
2045 943
2044 942
2043 941
2042 940
2041 939
2040 938
2039 937
2038 936
2037 935
2036 934
2035 933
2034 932
2033 931
2032 930
2031 929
2030 928
2029 927
2028 926
2027 925
2026 924
2025 923
2024 922
2023 921
2022 920
2021 919
2020 918
2019 917
2018 916
2017 915
2016 914
2015 913
2014 912
2013 911
2012 910
2011 909
2010 908
2009 907
2008 906
2007 905
2006 904
2005 903
2004 902
2003 901
2002 900
2001 899
2000 898
1999 897
1998 896
1997 895
1996 894
1995 893
1994 892
1993 891
1992 890
1991 889
1990 888
1989 887
1988 886
1987 885
1986 884
1985 883
1984 882
1983 881
1982 880
1981 879
1980 878
1979 877
1978 876
1977 875
1976 874
1975 873
1974 872
1973 871
1972 870
1971 869
1970 868
1969 867
1968 866
1967 865
1966 864
1965 863
1964 862
1963 861
1962 860
1961 859
1960 858
1959 857
1958 856
1957 855
1956 854
1955 853
1954 852
1953 851
1952 850
1951 849
1950 848
1949 847
1948 846
1947 845
1946 844
1945 843
1944 842
1943 841
1942 840
1941 839
1940 838
1939 837
1938 836
1937 835
1936 834
1935 833
1934 832
1933 831
1932 830
1931 829
1930 828
1929 827
1928 826
1927 825
1926 824
1925 823
1924 822
1923 821
1922 820
1921 819
1920 818
1919 817
1918 816
1917 815
1916 814
1915 813
1914 812
1913 811
1912 810
1911 809
1910 808
1909 807
1908 806
1907 805
1906 804
1905 803
1904 802
1903 801
1902 800
1901 799
1900 798
1899 797
1898 796
1897 795
1896 794
1895 793
1894 792
1893 791
1892 790
1891 789
1890 788
1889 787
1888 786
1887 785
1886 784
1885 783
1884 782
1883 781
1882 780
1881 779
1880 778
1879 777
1878 776
1877 775
1876 774
1875 773
1874 772
1873 771
1872 770
1871 769
1870 768
1869 767
1868 766
1867 765
1866 764
1865 763
1864 762
1863 761
1862 760
1861 759
1860 758
1859 757
1858 756
1857 755
1856 754
1855 753
1854 752
1853 751
1852 750
1851 749
1850 748
1849 747
1848 746
1847 745
1846 744
1845 743
1844 742
1843 741
1842 740
1841 739
1840 738
1839 737
1838 736
1837 735
1836 734
1835 733
1834 732
1833 731
1832 730
1831 729
1830 728
1829 727
1828 726
1827 725
1826 724
1825 723
1824 722
1823 721
1822 720
1821 719
1820 718
1819 717
1818 716
1817 715
1816 714
1815 713
1814 712
1813 711
1812 710
1811 709
1810 708
1809 707
1808 706
1807 705
1806 704
1805 703
1804 702
1803 701
1802 700
1801 699
1800 698
1799 697
1798 696
1797 695
1796 694
1795 693
1794 692
1793 691
1792 690
1791 689
1790 688
1789 687
1788 686
1787 685
1786 684
1785 683
1784 682
1783 681
1782 680
1781 679
1780 678
1779 677
1778 676
1777 675
1776 674
1775 673
1774 672
1773 671
1772 670
1771 669
1770 668
1769 667
1768 666
1767 665
1766 664
1765 663
1764 662
1763 661
1762 660
1761 659
1760 658
1759 657
1758 656
1757 655
1756 654
1755 653
1754 652
1753 651
1752 650
1751 649
1750 648
1749 647
1748 646
1747 645
1746 644
1745 643
1744 642
1743 641
1742 640
1741 639
1740 638
1739 637
1738 636
1737 635
1736 634
1735 633
1734 632
1733 631
1732 630
1731 629
1730 628
1729 627
1728 626
1727 625
1726 624
1725 623
1724 622
1723 621
1722 620
1721 619
1720 618
1719 617
1718 616
1717 615
1716 614
1715 613
1714 612
1713 611
1712 610
1711 609
1710 608
1709 607
1708 606
1707 605
1706 604
1705 603
1704 602
1703 601
1702 600
1701 599
1700 598
1699 597
1698 596
1697 595
1696 594
1695 593
1694 592
1693 591
1692 590
1691 589
1690 588
1689 587
1688 586
1687 585
1686 584
1685 583
1684 582
1683 581
1682 580
1681 579
1680 578
1679 577
1678 576
1677 575
1676 574
1675 573
1674 572
1673 571
1672 570
1671 569
1670 568
1669 567
1668 566
1667 565
1666 564
1665 563
1664 562
1663 561
1662 560
1661 559
1660 558
1659 557
1658 556
1657 555
1656 554
1655 553
1654 552
1653 551
1652 550
1651 549
1650 548
1649 547
1648 546
1647 545
1646 544
1645 543
1644 542
1643 541
1642 540
1641 539
1640 538
1639 537
1638 536
1637 535
1636 534
1635 533
1634 532
1633 531
1632 530
1631 529
1630 528
1629 527
1628 526
1627 525
1626 524
1625 523
1624 522
1623 521
1622 520
1621 519
1620 518
1619 517
1618 516
1617 515
1616 514
1615 513
1614 512
1613 511
1612 510
1611 509
1610 508
1609 507
1608 506
1607 505
1606 504
1605 503
1604 502
1603 501
1602 500
1601 499
1600 498
1599 497
1598 496
1597 495
1596 494
1595 493
1594 492
1593 491
1592 490
1591 489
1590 488
1589 487
1588 486
1587 485
1586 484
1585 483
1584 482
1583 481
1582 480
1581 479
1580 478
1579 477
1578 476
1577 475
1576 474
1575 473
1574 472
1573 471
1572 470
1571 469
1570 468
1569 467
1568 466
1567 465
1566 464
1565 463
1564 462
1563 461
1562 460
1561 459
1560 458
1559 457
1558 456
1557 455
1556 454
1555 453
1554 452
1553 451
1552 450
1551 449
1550 448
1549 447
1548 446
1547 445
1546 444
1545 443
1544 442
1543 441
1542 440
1541 439
1540 438
1539 437
1538 436
1537 435
1536 434
1535 433
1534 432
1533 431
1532 430
1531 429
1530 428
1529 427
1528 426
1527 425
1526 424
1525 423
1524 422
1523 421
1522 420
1521 419
1520 418
1519 417
1518 416
1517 415
1516 414
1515 413
1514 412
1513 411
1512 410
1511 409
1510 408
1509 407
1508 406
1507 405
1506 404
1505 403
1504 402
1503 401
1502 400
1501 399
1500 398
1499 397
1498 396
1497 395
1496 394
1495 393
1494 392
1493 391
1492 390
1491 389
1490 388
1489 387
1488 386
1487 385
1486 384
1485 383
1484 382
1483 381
1482 380
1481 379
1480 378
1479 377
1478 376
1477 375
1476 374
1475 373
1474 372
1473 371
1472 370
1471 369
1470 368
1469 367
1468 366
1467 365
1466 364
1465 363
1464 362
1463 361
1462 360
1461 359
1460 358
1459 357
1458 356
1457 355
1456 354
1455 353
1454 352
1453 351
1452 350
1451 349
1450 348
1449 347
1448 346
1447 345
1446 344
1445 343
1444 342
1443 341
1442 340
1441 339
1440 338
1439 337
1438 336
1437 335
1436 334
1435 333
1434 332
1433 331
1432 330
1431 329
1430 328
1429 327
1428 326
1427 325
1426 324
1425 323
1424 322
1423 321
1422 320
1421 319
1420 318
1419 317
1418 316
1417 315
1416 314
1415 313
1414 312
1413 311
1412 310
1411 309
1410 308
1409 307
1408 306
1407 305
1406 304
1405 303
1404 302
1403 301
1402 300
1401 299
1400 298
1399 297
1398 296
1397 295
1396 294
1395 293
1394 292
1393 291
1392 290
1391 289
1390 288
1389 287
1388 286
1387 285
1386 284
1385 283
1384 282
1383 281
1382 280
1381 279
1380 278
1379 277
1378 276
1377 275
1376 274
1375 273
1374 272
1373 271
1372 270
1371 269
1370 268
1369 267
1368 266
1367 265
1366 264
1365 263
1364 262
1363 261
1362 260
1361 259
1360 258
1359 257
1358 256
1357 255
1356 254
1355 253
1354 252
1353 251
1352 250
1351 249
1350 248
1349 247
1348 246
1347 245
1346 244
1345 243
1344 242
1343 241
1342 240
1341 239
1340 238
1339 237
1338 236
1337 235
1336 234
1335 233
1334 232
1333 231
1332 230
1331 229
1330 228
1329 227
1328 226
1327 225
1326 224
1325 223
1324 222
1323 221
1322 220
1321 219
1320 218
1319 217
1318 216
1317 215
1316 214
1315 213
1314 212
1313 211
1312 210
1311 209
1310 208
1309 207
1308 206
1307 205
1306 204
1305 203
1304 202
1303 201
1302 200
1301 199
1300 198
1299 197
1298 196
1297 195
1296 194
1295 193
1294 192
1293 191
1292 190
1291 189
1290 188
1289 187
1288 186
1287 185
1286 184
1285 183
1284 182
1283 181
1282 180
1281 179
1280 178
1279 177
1278 176
1277 175
1276 174
1275 173
1274 172
1273 171
1272 170
1271 169
1270 168
1269 167
1268 166
1267 165
1266 164
1265 163
1264 162
1263 161
1262 160
1261 159
1260 158
1259 157
1258 156
1257 155
1256 154
1255 153
1254 152
1253 151
1252 150
1251 149
1250 148
1249 147
1248 146
1247 145
1246 144
1245 143
1244 142
1243 141
1242 140
1241 139
1240 138
1239 137
1238 136
1237 135
1236 134
1235 133
1234 132
1233 131
1232 130
1231 129
1230 128
1229 127
1228 126
1227 125
1226 124
1225 123
1224 122
1223 121
1222 120
1221 119
1220 118
1219 117
1218 116
1217 115
1216 114
1215 113
1214 112
1213 111
1212 110
1211 109
1210 108
1209 107
1208 106
1207 105
1206 104
1205 103
1204 102
1203 101
1202 100
1201 99
1200 98
1199 97
1198 96
1197 95
1196 94
1195 93
1194 92
1193 91
1192 90
1191 89
1190 88
1189 87
1188 86
1187 85
1186 84
1185 83
1184 82
1183 81
1182 80
1181 79
1180 78
1179 77
1178 76
1177 75
1176 74
1175 73
1174 72
1173 71
1172 70
1171 69
1170 68
1169 67
1168 66
1167 65
1166 64
1165 63
1164 62
1163 61
1162 60
1161 59
1160 58
1159 57
1158 56
1157 55
1156 54
1155 53
1154 52
1153 51
1152 50
1151 49
1150 48
1149 47
1148 46
1147 45
1146 44
1145 43
1144 42
1143 41
1142 40
1141 39
1140 38
1139 37
1138 36
1137 35
1136 34
1135 33
1134 32
1133 31
1132 30
1131 29
1130 28
1129 27
1128 26
1127 25
1126 24
1125 23
1124 22
1123 21
1122 20
1121 19
1120 18
1119 17
1118 16
1117 15
1116 14
1115 13
1114 12
1113 11
1112 10
1111 9
1110 8
1109 7
1108 6
1107 5
1106 4
1105 3
1104 2
1103 1
1102 0
1101 1000
1100 1000
1099 1000
1098 1000
1097 1000
1096 1000
1095 1000
1094 1000
1093 1000
1092 1000
1091 1000
1090 1000
1089 1000
1088 1000
1087 1000
1086 1000
1085 1000
1084 1000
1083 1000
1082 1000
1081 1000
1080 1000
1079 1000
1078 1000
1077 1000
1076 1000
1075 1000
1074 1000
1073 1000
1072 1000
1071 1000
1070 1000
1069 1000
1068 1000
1067 1000
1066 1000
1065 1000
1064 1000
1063 1000
1062 1000
1061 1000
1060 1000
1059 1000
1058 1000
1057 1000
1056 1000
1055 1000
1054 1000
1053 1000
1052 1000
1051 1000
1050 1000
1049 1000
1048 1000
1047 1000
1046 1000
1045 1000
1044 1000
1043 1000
1042 1000
1041 1000
1040 1000
1039 1000
1038 1000
1037 1000
1036 1000
1035 1000
1034 1000
1033 1000
1032 1000
1031 1000
1030 1000
1029 1000
1028 1000
1027 1000
1026 1000
1025 1000
1024 1000
1023 1000
1022 1000
1021 1000
1020 1000
1019 1000
1018 1000
1017 1000
1016 1000
1015 1000
1014 1000
1013 1000
1012 1000
1011 1000
1010 1000
1009 1000
1008 1000
1007 1000
1006 1000
1005 1000
1004 1000
1003 1000
1002 1000
1001 1000
1000 1000
999 1000
998 1000
997 1000
996 1000
995 1000
994 1000
993 1000
992 1000
991 1000
990 1000
989 1000
988 1000
987 1000
986 1000
985 1000
984 1000
983 1000
982 1000
981 1000
980 1000
979 1000
978 1000
977 1000
976 1000
975 1000
974 1000
973 1000
972 1000
971 1000
970 1000
969 1000
968 1000
967 1000
966 1000
965 1000
964 1000
963 1000
962 1000
961 1000
960 1000
959 1000
958 1000
957 1000
956 1000
955 1000
954 1000
953 1000
952 1000
951 1000
950 1000
949 1000
948 1000
947 1000
946 1000
945 1000
944 1000
943 1000
942 1000
941 1000
940 1000
939 1000
938 1000
937 1000
936 1000
935 1000
934 1000
933 1000
932 1000
931 1000
930 1000
929 1000
928 1000
927 1000
926 1000
925 1000
924 1000
923 1000
922 1000
921 1000
920 1000
919 1000
918 1000
917 1000
916 1000
915 1000
914 1000
913 1000
912 1000
911 1000
910 1000
909 1000
908 1000
907 1000
906 1000
905 1000
904 1000
903 1000
902 1000
901 1000
900 1000
899 1000
898 1000
897 1000
896 1000
895 1000
894 1000
893 1000
892 1000
891 1000
890 1000
889 1000
888 1000
887 1000
886 1000
885 1000
884 1000
883 1000
882 1000
881 1000
880 1000
879 1000
878 1000
877 1000
876 1000
875 1000
874 1000
873 1000
872 1000
871 1000
870 1000
869 1000
868 1000
867 1000
866 1000
865 1000
864 1000
863 1000
862 1000
861 1000
860 1000
859 1000
858 1000
857 1000
856 1000
855 1000
854 1000
853 1000
852 1000
851 1000
850 1000
849 1000
848 1000
847 1000
846 1000
845 1000
844 1000
843 1000
842 1000
841 1000
840 1000
839 1000
838 1000
837 1000
836 1000
835 1000
834 1000
833 1000
832 1000
831 1000
830 1000
829 1000
828 1000
827 1000
826 1000
825 1000
824 1000
823 1000
822 1000
821 1000
820 1000
819 1000
818 1000
817 1000
816 1000
815 1000
814 1000
813 1000
812 1000
811 1000
810 1000
809 1000
808 1000
807 1000
806 1000
805 1000
804 1000
803 1000
802 1000
801 1000
800 1000
799 1000
798 1000
797 1000
796 1000
795 1000
794 1000
793 1000
792 1000
791 1000
790 1000
789 1000
788 1000
787 1000
786 1000
785 1000
784 1000
783 1000
782 1000
781 1000
780 1000
779 1000
778 1000
777 1000
776 1000
775 1000
774 1000
773 1000
772 1000
771 1000
770 1000
769 1000
768 1000
767 1000
766 1000
765 1000
764 1000
763 1000
762 1000
761 1000
760 1000
759 1000
758 1000
757 1000
756 1000
755 1000
754 1000
753 1000
752 1000
751 1000
750 1000
749 1000
748 1000
747 1000
746 1000
745 1000
744 1000
743 1000
742 1000
741 1000
740 1000
739 1000
738 1000
737 1000
736 1000
735 1000
734 1000
733 1000
732 1000
731 1000
730 1000
729 1000
728 1000
727 1000
726 1000
725 1000
724 1000
723 1000
722 1000
721 1000
720 1000
719 1000
718 1000
717 1000
716 1000
715 1000
714 1000
713 1000
712 1000
711 1000
710 1000
709 1000
708 1000
707 1000
706 1000
705 1000
704 1000
703 1000
702 1000
701 1000
700 1000
699 1000
698 1000
697 1000
696 1000
695 1000
694 1000
693 1000
692 1000
691 1000
690 1000
689 1000
688 1000
687 1000
686 1000
685 1000
684 1000
683 1000
682 1000
681 1000
680 1000
679 1000
678 1000
677 1000
676 1000
675 1000
674 1000
673 1000
672 1000
671 1000
670 1000
669 1000
668 1000
667 1000
666 1000
665 1000
664 1000
663 1000
662 1000
661 1000
660 1000
659 1000
658 1000
657 1000
656 1000
655 1000
654 1000
653 1000
652 1000
651 1000
650 1000
649 1000
648 1000
647 1000
646 1000
645 1000
644 1000
643 1000
642 1000
641 1000
640 1000
639 1000
638 1000
637 1000
636 1000
635 1000
634 1000
633 1000
632 1000
631 1000
630 1000
629 1000
628 1000
627 1000
626 1000
625 1000
624 1000
623 1000
622 1000
621 1000
620 1000
619 1000
618 1000
617 1000
616 1000
615 1000
614 1000
613 1000
612 1000
611 1000
610 1000
609 1000
608 1000
607 1000
606 1000
605 1000
604 1000
603 1000
602 1000
601 1000
600 1000
599 1000
598 1000
597 1000
596 1000
595 1000
594 1000
593 1000
592 1000
591 1000
590 1000
589 1000
588 1000
587 1000
586 1000
585 1000
584 1000
583 1000
582 1000
581 1000
580 1000
579 1000
578 1000
577 1000
576 1000
575 1000
574 1000
573 1000
572 1000
571 1000
570 1000
569 1000
568 1000
567 1000
566 1000
565 1000
564 1000
563 1000
562 1000
561 1000
560 1000
559 1000
558 1000
557 1000
556 1000
555 1000
554 1000
553 1000
552 1000
551 1000
550 1000
549 1000
548 1000
547 1000
546 1000
545 1000
544 1000
543 1000
542 1000
541 1000
540 1000
539 1000
538 1000
537 1000
536 1000
535 1000
534 1000
533 1000
532 1000
531 1000
530 1000
529 1000
528 1000
527 1000
526 1000
525 1000
524 1000
523 1000
522 1000
521 1000
520 1000
519 1000
518 1000
517 1000
516 1000
515 1000
514 1000
513 1000
512 1000
511 1000
510 1000
509 1000
508 1000
507 1000
506 1000
505 1000
504 1000
503 1000
502 1000
501 1000
500 1000
499 1000
498 1000
497 1000
496 1000
495 1000
494 1000
493 1000
492 1000
491 1000
490 1000
489 1000
488 1000
487 1000
486 1000
485 1000
484 1000
483 1000
482 1000
481 1000
480 1000
479 1000
478 1000
477 1000
476 1000
475 1000
474 1000
473 1000
472 1000
471 1000
470 1000
469 1000
468 1000
467 1000
466 1000
465 1000
464 1000
463 1000
462 1000
461 1000
460 1000
459 1000
458 1000
457 1000
456 1000
455 1000
454 1000
453 1000
452 1000
451 1000
450 1000
449 1000
448 1000
447 1000
446 1000
445 1000
444 1000
443 1000
442 1000
441 1000
440 1000
439 1000
438 1000
437 1000
436 1000
435 1000
434 1000
433 1000
432 1000
431 1000
430 1000
429 1000
428 1000
427 1000
426 1000
425 1000
424 1000
423 1000
422 1000
421 1000
420 1000
419 1000
418 1000
417 1000
416 1000
415 1000
414 1000
413 1000
412 1000
411 1000
410 1000
409 1000
408 1000
407 1000
406 1000
405 1000
404 1000
403 1000
402 1000
401 1000
400 1000
399 1000
398 1000
397 1000
396 1000
395 1000
394 1000
393 1000
392 1000
391 1000
390 1000
389 1000
388 1000
387 1000
386 1000
385 1000
384 1000
383 1000
382 1000
381 1000
380 1000
379 1000
378 1000
377 1000
376 1000
375 1000
374 1000
373 1000
372 1000
371 1000
370 1000
369 1000
368 1000
367 1000
366 1000
365 1000
364 1000
363 1000
362 1000
361 1000
360 1000
359 1000
358 1000
357 1000
356 1000
355 1000
354 1000
353 1000
352 1000
351 1000
350 1000
349 1000
348 1000
347 1000
346 1000
345 1000
344 1000
343 1000
342 1000
341 1000
340 1000
339 1000
338 1000
337 1000
336 1000
335 1000
334 1000
333 1000
332 1000
331 1000
330 1000
329 1000
328 1000
327 1000
326 1000
325 1000
324 1000
323 1000
322 1000
321 1000
320 1000
319 1000
318 1000
317 1000
316 1000
315 1000
314 1000
313 1000
312 1000
311 1000
310 1000
309 1000
308 1000
307 1000
306 1000
305 1000
304 1000
303 1000
302 1000
301 1000
300 1000
299 1000
298 1000
297 1000
296 1000
295 1000
294 1000
293 1000
292 1000
291 1000
290 1000
289 1000
288 1000
287 1000
286 1000
285 1000
284 1000
283 1000
282 1000
281 1000
280 1000
279 1000
278 1000
277 1000
276 1000
275 1000
274 1000
273 1000
272 1000
271 1000
270 1000
269 1000
268 1000
267 1000
266 1000
265 1000
264 1000
263 1000
262 1000
261 1000
260 1000
259 1000
258 1000
257 1000
256 1000
255 1000
254 1000
253 1000
252 1000
251 1000
250 1000
249 1000
248 1000
247 1000
246 1000
245 1000
244 1000
243 1000
242 1000
241 1000
240 1000
239 1000
238 1000
237 1000
236 1000
235 1000
234 1000
233 1000
232 1000
231 1000
230 1000
229 1000
228 1000
227 1000
226 1000
225 1000
224 1000
223 1000
222 1000
221 1000
220 1000
219 1000
218 1000
217 1000
216 1000
215 1000
214 1000
213 1000
212 1000
211 1000
210 1000
209 1000
208 1000
207 1000
206 1000
205 1000
204 1000
203 1000
202 1000
201 1000
200 1000
199 1000
198 1000
197 1000
196 1000
195 1000
194 1000
193 1000
192 1000
191 1000
190 1000
189 1000
188 1000
187 1000
186 1000
185 1000
184 1000
183 1000
182 1000
181 1000
180 1000
179 1000
178 1000
177 1000
176 1000
175 1000
174 1000
173 1000
172 1000
171 1000
170 1000
169 1000
168 1000
167 1000
166 1000
165 1000
164 1000
163 1000
162 1000
161 1000
160 1000
159 1000
158 1000
157 1000
156 1000
155 1000
154 1000
153 1000
152 1000
151 1000
150 1000
149 1000
148 1000
147 1000
146 1000
145 1000
144 1000
143 1000
142 1000
141 1000
140 1000
139 1000
138 1000
137 1000
136 1000
135 1000
134 1000
133 1000
132 1000
131 1000
130 1000
129 1000
128 1000
127 1000
126 1000
125 1000
124 1000
123 1000
122 1000
121 1000
120 1000
119 1000
118 1000
117 1000
116 1000
115 1000
114 1000
113 1000
112 1000
111 1000
110 1000
109 1000
108 1000
107 1000
106 1000
105 1000
104 1000
103 1000
102 1000
101 1000
100 1000
99 1000
98 1000
97 1000
96 1000
95 1000
94 1000
93 1000
92 1000
91 1000
90 1000
89 1000
88 1000
87 1000
86 1000
85 1000
84 1000
83 1000
82 1000
81 1000
80 1000
79 1000
78 1000
77 1000
76 1000
75 1000
74 1000
73 1000
72 1000
71 1000
70 1000
69 1000
68 1000
67 1000
66 1000
65 1000
64 1000
63 1000
62 1000
61 1000
60 1000
59 1000
58 1000
57 1000
56 1000
55 1000
54 1000
53 1000
52 1000
51 1000
50 1000
49 1000
48 1000
47 1000
46 1000
45 1000
44 1000
43 1000
42 1000
41 1000
40 1000
39 1000
38 1000
37 1000
36 1000
35 1000
34 1000
33 1000
32 1000
31 1000
30 1000
29 1000
28 1000
27 1000
26 1000
25 1000
24 1000
23 1000
22 1000
21 1000
20 1000
19 1000
18 1000
17 1000
16 1000
15 1000
14 1000
13 1000
12 1000
11 1000
10 1000
9 1000
8 1000
7 1000
6 1000
5 1000
4 1000
3 1000
2 1000
1 1000
0 1000
183 1000
182 1000
181 1000
180 1000
179 1000
178 1000
177 1000
176 1000
175 1000
174 1000
173 1000
172 1000
171 1000
170 1000
169 1000
168 1000
167 1000
166 1000
165 1000
164 1000
163 1000
162 1000
161 1000
160 1000
159 1000
158 1000
157 1000
156 1000
155 1000
154 1000
153 1000
152 1000
151 1000
150 1000
149 1000
148 1000
147 1000
146 1000
145 1000
144 1000
143 1000
142 1000
141 1000
140 1000
139 1000
138 1000
137 1000
136 1000
135 1000
134 1000
133 1000
132 1000
131 1000
130 1000
129 1000
128 1000
127 1000
126 1000
125 1000
124 1000
123 1000
122 1000
121 1000
120 1000
119 1000
118 1000
117 1000
116 1000
115 1000
114 1000
113 1000
112 1000
111 1000
110 1000
109 1000
108 1000
107 1000
106 1000
105 1000
104 1000
103 1000
102 1000
101 1000
100 1000
99 1000
98 1000
97 1000
96 1000
95 1000
94 1000
93 1000
92 1000
91 1000
90 1000
89 1000
88 1000
87 1000
86 1000
85 1000
84 1000
83 1000
82 1000
81 1000
80 1000
79 1000
78 1000
77 1000
76 1000
75 1000
74 1000
73 1000
72 1000
71 1000
70 1000
69 1000
68 1000
67 1000
66 1000
65 1000
64 1000
63 1000
62 1000
61 1000
60 1000
59 1000
58 1000
57 1000
56 1000
55 1000
54 1000
53 1000
52 1000
51 1000
50 1000
49 1000
48 1000
47 1000
46 1000
45 1000
44 1000
43 1000
42 1000
41 1000
40 1000
39 1000
38 1000
37 1000
36 1000
35 1000
34 1000
33 1000
32 1000
31 1000
30 1000
29 1000
28 1000
27 1000
26 1000
25 1000
24 1000
23 1000
22 1000
21 1000
20 1000
19 1000
18 1000
17 1000
16 1000
15 1000
14 1000
13 1000
12 1000
11 1000
10 1000
9 1000
8 1000
7 1000
6 1000
5 1000
4 1000
3 1000
2 1000
1 1000
0 1000
1000 1000
1000 1000
1000 1000
1000 1000
1000 1000
1000 1000
1000 1000
1000 1000
1000 1000
1000 1000
1000 1000
1000 1000
1000 1000
1000 1000
1000 1000
1000 1000
1000 1000
1000 1000
1000 1000
1000 1000
1000 1000
1000 1000
1000 1000
1000 1000
1000 1000
1000 1000
1000 1000
1000 1000
1000 1000
1000 1000
1000 1000
1000 1000
1000 1000
1000 1000
1000 1000
1000 1000
1000 1000
1000 1000
1000 1000
1000 1000
1000 1000
1000 1000
1000 1000
1000 1000
1000 1000
1000 1000
1000 1000
1000 1000
1000 1000
1000 1000
1000 1000
1000 1000
1000 1000
1000 1000
1000 1000
1000 1000
1000 1000
1000 1000
1000 1000
1000 1000
1000 1000
1000 1000
1000 1000
1000 1000
1000 1000
1000 1000
1000 1000
1000 1000
1000 1000
1000 1000
1000 1000
1000 1000
1000 1000
1000 1000
1000 1000
1000 1000
1000 1000
1000 1000
1000 1000
1000 1000
1000 1000
1000 1000
1000 1000
1000 1000
1000 1000
1000 1000
1000 1000
1000 1000
1000 1000
1000 1000
1000 1000
1000 1000
1000 1000
1000 1000
1000 1000
1000 1000
1000 1000
1000 1000
1000 1000
1000 1000
1000 1000
1000 1000
1000 1000
1000 1000
1000 1000
1000 1000
1000 1000
1000 1000
1000 1000
1000 1000
1000 1000
1000 1000
1000 1000
1000 1000
1000 1000
1000 1000
1000 1000
1000 1000
1000 1000
1000 1000
1000 1000
1000 1000
1000 1000
1000 1000
1000 1000
1000 1000
1000 1000
1000 1000
1000 1000
1000 1000
1000 1000
1000 1000
1000 1000
1000 1000
1000 1000
1000 1000
1000 1000
1000 1000
1000 1000
1000 1000
1000 1000
1000 1000
1000 1000
1000 1000
1000 1000
1000 1000
1000 1000
1000 1000
1000 1000
1000 1000
1000 1000
1000 1000
1000 1000
1000 1000
1000 1000
1000 1000
1000 1000
1000 1000
1000 1000
1000 1000
1000 1000
1000 1000
1000 1000
1000 1000
1000 1000
1000 1000
1000 1000
1000 1000
1000 1000
1000 1000
1000 1000
1000 1000
1000 1000
1000 1000
1000 1000
1000 1000
1000 1000
1000 1000
1000 1000
1000 1000
1000 1000
1000 1000
1000 1000
1000 1000
1000 1000
1000 1000
1000 1000
1000 1000
1000 1000
1000 1000
1000 1000
1000 1000
1000 1000
1000 1000
1000 1000
1000 1000
1000 1000
1000 1000
1000 1000
1000 1000
1000 1000
1000 1000
1000 1000
1000 1000
1000 1000
1000 1000
1000 1000
1000 1000
1000 1000
1000 1000
1000 1000
1000 1000
1000 1000
1000 1000
1000 1000
1000 1000
1000 1000
1000 1000
1000 1000
1000 1000
1000 1000
1000 1000
1000 1000
1000 1000
1000 1000
1000 1000
1000 1000
1000 1000
1000 1000
1000 1000
1000 1000
1000 1000
1000 1000
1000 1000
1000 1000
1000 1000
1000 1000
1000 1000
1000 1000
1000 1000
1000 1000
1000 1000
1000 1000
1000 1000
1000 1000
1000 1000
1000 1000
1000 1000
1000 1000
1000 1000
