2580 1535
2579 1534
2578 1533
2577 1532
2576 1531
2575 1530
2574 1529
2573 1528
2572 1527
2571 1526
2570 1525
2569 1524
2568 1523
2567 1522
2566 1521
2565 1520
2564 1519
2563 1518
2562 1517
2561 1516
2560 1515
2559 1514
2558 1513
2557 1512
2556 1511
2555 1510
2554 1509
2553 1508
2552 1507
2551 1506
2550 1505
2549 1504
2548 1503
2547 1502
2546 1501
2545 1500
2544 1499
2543 1498
2542 1497
2541 1496
2540 1495
2539 1494
2538 1493
2537 1492
2536 1491
2535 1490
2534 1489
2533 1488
2532 1487
2531 1486
2530 1485
2529 1484
2528 1483
2527 1482
2526 1481
2525 1480
2524 1479
2523 1478
2522 1477
2521 1476
2520 1475
2519 1474
2518 1473
2517 1472
2516 1471
2515 1470
2514 1469
2513 1468
2512 1467
2511 1466
2510 1465
2509 1464
2508 1463
2507 1462
2506 1461
2505 1460
2504 1459
2503 1458
2502 1457
2501 1456
2500 1455
2499 1454
2498 1453
2497 1452
2496 1451
2495 1450
2494 1449
2493 1448
2492 1447
2491 1446
2490 1445
2489 1444
2488 1443
2487 1442
2486 1441
2485 1440
2484 1439
2483 1438
2482 1437
2481 1436
2480 1435
2479 1434
2478 1433
2477 1432
2476 1431
2475 1430
2474 1429
2473 1428
2472 1427
2471 1426
2470 1425
2469 1424
2468 1423
2467 1422
2466 1421
2465 1420
2464 1419
2463 1418
2462 1417
2461 1416
2460 1415
2459 1414
2458 1413
2457 1412
2456 1411
2455 1410
2454 1409
2453 1408
2452 1407
2451 1406
2450 1405
2449 1404
2448 1403
2447 1402
2446 1401
2445 1400
2444 1399
2443 1398
2442 1397
2441 1396
2440 1395
2439 1394
2438 1393
2437 1392
2436 1391
2435 1390
2434 1389
2433 1388
2432 1387
2431 1386
2430 1385
2429 1384
2428 1383
2427 1382
2426 1381
2425 1380
2424 1379
2423 1378
2422 1377
2421 1376
2420 1375
2419 1374
2418 1373
2417 1372
2416 1371
2415 1370
2414 1369
2413 1368
2412 1367
2411 1366
2410 1365
2409 1364
2408 1363
2407 1362
2406 1361
2405 1360
2404 1359
2403 1358
2402 1357
2401 1356
2400 1355
2399 1354
2398 1353
2397 1352
2396 1351
2395 1350
2394 1349
2393 1348
2392 1347
2391 1346
2390 1345
2389 1344
2388 1343
2387 1342
2386 1341
2385 1340
2384 1339
2383 1338
2382 1337
2381 1336
2380 1335
2379 1334
2378 1333
2377 1332
2376 1331
2375 1330
2374 1329
2373 1328
2372 1327
2371 1326
2370 1325
2369 1324
2368 1323
2367 1322
2366 1321
2365 1320
2364 1319
2363 1318
2362 1317
2361 1316
2360 1315
2359 1314
2358 1313
2357 1312
2356 1311
2355 1310
2354 1309
2353 1308
2352 1307
2351 1306
2350 1305
2349 1304
2348 1303
2347 1302
2346 1301
2345 1300
2344 1299
2343 1298
2342 1297
2341 1296
2340 1295
2339 1294
2338 1293
2337 1292
2336 1291
2335 1290
2334 1289
2333 1288
2332 1287
2331 1286
2330 1285
2329 1284
2328 1283
2327 1282
2326 1281
2325 1280
2324 1279
2323 1278
2322 1277
2321 1276
2320 1275
2319 1274
2318 1273
2317 1272
2316 1271
2315 1270
2314 1269
2313 1268
2312 1267
2311 1266
2310 1265
2309 1264
2308 1263
2307 1262
2306 1261
2305 1260
2304 1259
2303 1258
2302 1257
2301 1256
2300 1255
2299 1254
2298 1253
2297 1252
2296 1251
2295 1250
2294 1249
2293 1248
2292 1247
2291 1246
2290 1245
2289 1244
2288 1243
2287 1242
2286 1241
2285 1240
2284 1239
2283 1238
2282 1237
2281 1236
2280 1235
2279 1234
2278 1233
2277 1232
2276 1231
2275 1230
2274 1229
2273 1228
2272 1227
2271 1226
2270 1225
2269 1224
2268 1223
2267 1222
2266 1221
2265 1220
2264 1219
2263 1218
2262 1217
2261 1216
2260 1215
2259 1214
2258 1213
2257 1212
2256 1211
2255 1210
2254 1209
2253 1208
2252 1207
2251 1206
2250 1205
2249 1204
2248 1203
2247 1202
2246 1201
2245 1200
2244 1199
2243 1198
2242 1197
2241 1196
2240 1195
2239 1194
2238 1193
2237 1192
2236 1191
2235 1190
2234 1189
2233 1188
2232 1187
2231 1186
2230 1185
2229 1184
2228 1183
2227 1182
2226 1181
2225 1180
2224 1179
2223 1178
2222 1177
2221 1176
2220 1175
2219 1174
2218 1173
2217 1172
2216 1171
2215 1170
2214 1169
2213 1168
2212 1167
2211 1166
2210 1165
2209 1164
2208 1163
2207 1162
2206 1161
2205 1160
2204 1159
2203 1158
2202 1157
2201 1156
2200 1155
2199 1154
2198 1153
2197 1152
2196 1151
2195 1150
2194 1149
2193 1148
2192 1147
2191 1146
2190 1145
2189 1144
2188 1143
2187 1142
2186 1141
2185 1140
2184 1139
2183 1138
2182 1137
2181 1136
2180 1135
2179 1134
2178 1133
2177 1132
2176 1131
2175 1130
2174 1129
2173 1128
2172 1127
2171 1126
2170 1125
2169 1124
2168 1123
2167 1122
2166 1121
2165 1120
2164 1119
2163 1118
2162 1117
2161 1116
2160 1115
2159 1114
2158 1113
2157 1112
2156 1111
2155 1110
2154 1109
2153 1108
2152 1107
2151 1106
2150 1105
2149 1104
2148 1103
2147 1102
2146 1101
2145 1100
2144 1099
2143 1098
2142 1097
2141 1096
2140 1095
2139 1094
2138 1093
2137 1092
2136 1091
2135 1090
2134 1089
2133 1088
2132 1087
2131 1086
2130 1085
2129 1084
2128 1083
2127 1082
2126 1081
2125 1080
2124 1079
2123 1078
2122 1077
2121 1076
2120 1075
2119 1074
2118 1073
2117 1072
2116 1071
2115 1070
2114 1069
2113 1068
2112 1067
2111 1066
2110 1065
2109 1064
2108 1063
2107 1062
2106 1061
2105 1060
2104 1059
2103 1058
2102 1057
2101 1056
2100 1055
2099 1054
2098 1053
2097 1052
2096 1051
2095 1050
2094 1049
2093 1048
2092 1047
2091 1046
2090 1045
2089 1044
2088 1043
2087 1042
2086 1041
2085 1040
2084 1039
2083 1038
2082 1037
2081 1036
2080 1035
2079 1034
2078 1033
2077 1032
2076 1031
2075 1030
2074 1029
2073 1028
2072 1027
2071 1026
2070 1025
2069 1024
2068 1023
2067 1022
2066 1021
2065 1020
2064 1019
2063 1018
2062 1017
2061 1016
2060 1015
2059 1014
2058 1013
2057 1012
2056 1011
2055 1010
2054 1009
2053 1008
2052 1007
2051 1006
2050 1005
2049 1004
2048 1003
2047 1002
2046 1001
2045 1000
2044 999
2043 998
2042 997
2041 996
2040 995
2039 994
2038 993
2037 992
2036 991
2035 990
2034 989
2033 988
2032 987
2031 986
2030 985
2029 984
2028 983
2027 982
2026 981
2025 980
2024 979
2023 978
2022 977
2021 976
2020 975
2019 974
2018 973
2017 972
2016 971
2015 970
2014 969
2013 968
2012 967
2011 966
2010 965
2009 964
2008 963
2007 962
2006 961
2005 960
2004 959
2003 958
2002 957
2001 956
2000 955
1999 954
1998 953
1997 952
1996 951
1995 950
1994 949
1993 948
1992 947
1991 946
1990 945
1989 944
1988 943
1987 942
1986 941
1985 940
1984 939
1983 938
1982 937
1981 936
1980 935
1979 934
1978 933
1977 932
1976 931
1975 930
1974 929
1973 928
1972 927
1971 926
1970 925
1969 924
1968 923
1967 922
1966 921
1965 920
1964 919
1963 918
1962 917
1961 916
1960 915
1959 914
1958 913
1957 912
1956 911
1955 910
1954 909
1953 908
1952 907
1951 906
1950 905
1949 904
1948 903
1947 902
1946 901
1945 900
1944 899
1943 898
1942 897
1941 896
1940 895
1939 894
1938 893
1937 892
1936 891
1935 890
1934 889
1933 888
1932 887
1931 886
1930 885
1929 884
1928 883
1927 882
1926 881
1925 880
1924 879
1923 878
1922 877
1921 876
1920 875
1919 874
1918 873
1917 872
1916 871
1915 870
1914 869
1913 868
1912 867
1911 866
1910 865
1909 864
1908 863
1907 862
1906 861
1905 860
1904 859
1903 858
1902 857
1901 856
1900 855
1899 854
1898 853
1897 852
1896 851
1895 850
1894 849
1893 848
1892 847
1891 846
1890 845
1889 844
1888 843
1887 842
1886 841
1885 840
1884 839
1883 838
1882 837
1881 836
1880 835
1879 834
1878 833
1877 832
1876 831
1875 830
1874 829
1873 828
1872 827
1871 826
1870 825
1869 824
1868 823
1867 822
1866 821
1865 820
1864 819
1863 818
1862 817
1861 816
1860 815
1859 814
1858 813
1857 812
1856 811
1855 810
1854 809
1853 808
1852 807
1851 806
1850 805
1849 804
1848 803
1847 802
1846 801
1845 800
1844 799
1843 798
1842 797
1841 796
1840 795
1839 794
1838 793
1837 792
1836 791
1835 790
1834 789
1833 788
1832 787
1831 786
1830 785
1829 784
1828 783
1827 782
1826 781
1825 780
1824 779
1823 778
1822 777
1821 776
1820 775
1819 774
1818 773
1817 772
1816 771
1815 770
1814 769
1813 768
1812 767
1811 766
1810 765
1809 764
1808 763
1807 762
1806 761
1805 760
1804 759
1803 758
1802 757
1801 756
1800 755
1799 754
1798 753
1797 752
1796 751
1795 750
1794 749
1793 748
1792 747
1791 746
1790 745
1789 744
1788 743
1787 742
1786 741
1785 740
1784 739
1783 738
1782 737
1781 736
1780 735
1779 734
1778 733
1777 732
1776 731
1775 730
1774 729
1773 728
1772 727
1771 726
1770 725
1769 724
1768 723
1767 722
1766 721
1765 720
1764 719
1763 718
1762 717
1761 716
1760 715
1759 714
1758 713
1757 712
1756 711
1755 710
1754 709
1753 708
1752 707
1751 706
1750 705
1749 704
1748 703
1747 702
1746 701
1745 700
1744 699
1743 698
1742 697
1741 696
1740 695
1739 694
1738 693
1737 692
1736 691
1735 690
1734 689
1733 688
1732 687
1731 686
1730 685
1729 684
1728 683
1727 682
1726 681
1725 680
1724 679
1723 678
1722 677
1721 676
1720 675
1719 674
1718 673
1717 672
1716 671
1715 670
1714 669
1713 668
1712 667
1711 666
1710 665
1709 664
1708 663
1707 662
1706 661
1705 660
1704 659
1703 658
1702 657
1701 656
1700 655
1699 654
1698 653
1697 652
1696 651
1695 650
1694 649
1693 648
1692 647
1691 646
1690 645
1689 644
1688 643
1687 642
1686 641
1685 640
1684 639
1683 638
1682 637
1681 636
1680 635
1679 634
1678 633
1677 632
1676 631
1675 630
1674 629
1673 628
1672 627
1671 626
1670 625
1669 624
1668 623
1667 622
1666 621
1665 620
1664 619
1663 618
1662 617
1661 616
1660 615
1659 614
1658 613
1657 612
1656 611
1655 610
1654 609
1653 608
1652 607
1651 606
1650 605
1649 604
1648 603
1647 602
1646 601
1645 600
1644 599
1643 598
1642 597
1641 596
1640 595
1639 594
1638 593
1637 592
1636 591
1635 590
1634 589
1633 588
1632 587
1631 586
1630 585
1629 584
1628 583
1627 582
1626 581
1625 580
1624 579
1623 578
1622 577
1621 576
1620 575
1619 574
1618 573
1617 572
1616 571
1615 570
1614 569
1613 568
1612 567
1611 566
1610 565
1609 564
1608 563
1607 562
1606 561
1605 560
1604 559
1603 558
1602 557
1601 556
1600 555
1599 554
1598 553
1597 552
1596 551
1595 550
1594 549
1593 548
1592 547
1591 546
1590 545
1589 544
1588 543
1587 542
1586 541
1585 540
1584 539
1583 538
1582 537
1581 536
1580 535
1579 534
1578 533
1577 532
1576 531
1575 530
1574 529
1573 528
1572 527
1571 526
1570 525
1569 524
1568 523
1567 522
1566 521
1565 520
1564 519
1563 518
1562 517
1561 516
1560 515
1559 514
1558 513
1557 512
1556 511
1555 510
1554 509
1553 508
1552 507
1551 506
1550 505
1549 504
1548 503
1547 502
1546 501
1545 500
1544 499
1543 498
1542 497
1541 496
1540 495
1539 494
1538 493
1537 492
1536 491
1535 490
1534 489
1533 488
1532 487
1531 486
1530 485
1529 484
1528 483
1527 482
1526 481
1525 480
1524 479
1523 478
1522 477
1521 476
1520 475
1519 474
1518 473
1517 472
1516 471
1515 470
1514 469
1513 468
1512 467
1511 466
1510 465
1509 464
1508 463
1507 462
1506 461
1505 460
1504 459
1503 458
1502 457
1501 456
1500 455
1499 454
1498 453
1497 452
1496 451
1495 450
1494 449
1493 448
1492 447
1491 446
1490 445
1489 444
1488 443
1487 442
1486 441
1485 440
1484 439
1483 438
1482 437
1481 436
1480 435
1479 434
1478 433
1477 432
1476 431
1475 430
1474 429
1473 428
1472 427
1471 426
1470 425
1469 424
1468 423
1467 422
1466 421
1465 420
1464 419
1463 418
1462 417
1461 416
1460 415
1459 414
1458 413
1457 412
1456 411
1455 410
1454 409
1453 408
1452 407
1451 406
1450 405
1449 404
1448 403
1447 402
1446 401
1445 400
1444 399
1443 398
1442 397
1441 396
1440 395
1439 394
1438 393
1437 392
1436 391
1435 390
1434 389
1433 388
1432 387
1431 386
1430 385
1429 384
1428 383
1427 382
1426 381
1425 380
1424 379
1423 378
1422 377
1421 376
1420 375
1419 374
1418 373
1417 372
1416 371
1415 370
1414 369
1413 368
1412 367
1411 366
1410 365
1409 364
1408 363
1407 362
1406 361
1405 360
1404 359
1403 358
1402 357
1401 356
1400 355
1399 354
1398 353
1397 352
1396 351
1395 350
1394 349
1393 348
1392 347
1391 346
1390 345
1389 344
1388 343
1387 342
1386 341
1385 340
1384 339
1383 338
1382 337
1381 336
1380 335
1379 334
1378 333
1377 332
1376 331
1375 330
1374 329
1373 328
1372 327
1371 326
1370 325
1369 324
1368 323
1367 322
1366 321
1365 320
1364 319
1363 318
1362 317
1361 316
1360 315
1359 314
1358 313
1357 312
1356 311
1355 310
1354 309
1353 308
1352 307
1351 306
1350 305
1349 304
1348 303
1347 302
1346 301
1345 300
1344 299
1343 298
1342 297
1341 296
1340 295
1339 294
1338 293
1337 292
1336 291
1335 290
1334 289
1333 288
1332 287
1331 286
1330 285
1329 284
1328 283
1327 282
1326 281
1325 280
1324 279
1323 278
1322 277
1321 276
1320 275
1319 274
1318 273
1317 272
1316 271
1315 270
1314 269
1313 268
1312 267
1311 266
1310 265
1309 264
1308 263
1307 262
1306 261
1305 260
1304 259
1303 258
1302 257
1301 256
1300 255
1299 254
1298 253
1297 252
1296 251
1295 250
1294 249
1293 248
1292 247
1291 246
1290 245
1289 244
1288 243
1287 242
1286 241
1285 240
1284 239
1283 238
1282 237
1281 236
1280 235
1279 234
1278 233
1277 232
1276 231
1275 230
1274 229
1273 228
1272 227
1271 226
1270 225
1269 224
1268 223
1267 222
1266 221
1265 220
1264 219
1263 218
1262 217
1261 216
1260 215
1259 214
1258 213
1257 212
1256 211
1255 210
1254 209
1253 208
1252 207
1251 206
1250 205
1249 204
1248 203
1247 202
1246 201
1245 200
1244 199
1243 198
1242 197
1241 196
1240 195
1239 194
1238 193
1237 192
1236 191
1235 190
1234 189
1233 188
1232 187
1231 186
1230 185
1229 184
1228 183
1227 182
1226 181
1225 180
1224 179
1223 178
1222 177
1221 176
1220 175
1219 174
1218 173
1217 172
1216 171
1215 170
1214 169
1213 168
1212 167
1211 166
1210 165
1209 164
1208 163
1207 162
1206 161
1205 160
1204 159
1203 158
1202 157
1201 156
1200 155
1199 154
1198 153
1197 152
1196 151
1195 150
1194 149
1193 148
1192 147
1191 146
1190 145
1189 144
1188 143
1187 142
1186 141
1185 140
1184 139
1183 138
1182 137
1181 136
1180 135
1179 134
1178 133
1177 132
1176 131
1175 130
1174 129
1173 128
1172 127
1171 126
1170 125
1169 124
1168 123
1167 122
1166 121
1165 120
1164 119
1163 118
1162 117
1161 116
1160 115
1159 114
1158 113
1157 112
1156 111
1155 110
1154 109
1153 108
1152 107
1151 106
1150 105
1149 104
1148 103
1147 102
1146 101
1145 100
1144 99
1143 98
1142 97
1141 96
1140 95
1139 94
1138 93
1137 92
1136 91
1135 90
1134 89
1133 88
1132 87
1131 86
1130 85
1129 84
1128 83
1127 82
1126 81
1125 80
1124 79
1123 78
1122 77
1121 76
1120 75
1119 74
1118 73
1117 72
1116 71
1115 70
1114 69
1113 68
1112 67
1111 66
1110 65
1109 64
1108 63
1107 62
1106 61
1105 60
1104 59
1103 58
1102 57
1101 56
1100 55
1099 54
1098 53
1097 52
1096 51
1095 50
1094 49
1093 48
1092 47
1091 46
1090 45
1089 44
1088 43
1087 42
1086 41
1085 40
1084 39
1083 38
1082 37
1081 36
1080 35
1079 34
1078 33
1077 32
1076 31
1075 30
1074 29
1073 28
1072 27
1071 26
1070 25
1069 24
1068 23
1067 22
1066 21
1065 20
1064 19
1063 18
1062 17
1061 16
1060 15
1059 14
1058 13
1057 12
1056 11
1055 10
1054 9
1053 8
1052 7
1051 6
1050 5
1049 4
1048 3
1047 2
1046 1
1045 0
1044 1000
1043 1000
1042 1000
1041 1000
1040 1000
1039 1000
1038 1000
1037 1000
1036 1000
1035 1000
1034 1000
1033 1000
1032 1000
1031 1000
1030 1000
1029 1000
1028 1000
1027 1000
1026 1000
1025 1000
1024 1000
1023 1000
1022 1000
1021 1000
1020 1000
1019 1000
1018 1000
1017 1000
1016 1000
1015 1000
1014 1000
1013 1000
1012 1000
1011 1000
1010 1000
1009 1000
1008 1000
1007 1000
1006 1000
1005 1000
1004 1000
1003 1000
1002 1000
1001 1000
1000 1000
999 1000
998 1000
997 1000
996 1000
995 1000
994 1000
993 1000
992 1000
991 1000
990 1000
989 1000
988 1000
987 1000
986 1000
985 1000
984 1000
983 1000
982 1000
981 1000
980 1000
979 1000
978 1000
977 1000
976 1000
975 1000
974 1000
973 1000
972 1000
971 1000
970 1000
969 1000
968 1000
967 1000
966 1000
965 1000
964 1000
963 1000
962 1000
961 1000
960 1000
959 1000
958 1000
957 1000
956 1000
955 1000
954 1000
953 1000
952 1000
951 1000
950 1000
949 1000
948 1000
947 1000
946 1000
945 1000
944 1000
943 1000
942 1000
941 1000
940 1000
939 1000
938 1000
937 1000
936 1000
935 1000
934 1000
933 1000
932 1000
931 1000
930 1000
929 1000
928 1000
927 1000
926 1000
925 1000
924 1000
923 1000
922 1000
921 1000
920 1000
919 1000
918 1000
917 1000
916 1000
915 1000
914 1000
913 1000
912 1000
911 1000
910 1000
909 1000
908 1000
907 1000
906 1000
905 1000
904 1000
903 1000
902 1000
901 1000
900 1000
899 1000
898 1000
897 1000
896 1000
895 1000
894 1000
893 1000
892 1000
891 1000
890 1000
889 1000
888 1000
887 1000
886 1000
885 1000
884 1000
883 1000
882 1000
881 1000
880 1000
879 1000
878 1000
877 1000
876 1000
875 1000
874 1000
873 1000
872 1000
871 1000
870 1000
869 1000
868 1000
867 1000
866 1000
865 1000
864 1000
863 1000
862 1000
861 1000
860 1000
859 1000
858 1000
857 1000
856 1000
855 1000
854 1000
853 1000
852 1000
851 1000
850 1000
849 1000
848 1000
847 1000
846 1000
845 1000
844 1000
843 1000
842 1000
841 1000
840 1000
839 1000
838 1000
837 1000
836 1000
835 1000
834 1000
833 1000
832 1000
831 1000
830 1000
829 1000
828 1000
827 1000
826 1000
825 1000
824 1000
823 1000
822 1000
821 1000
820 1000
819 1000
818 1000
817 1000
816 1000
815 1000
814 1000
813 1000
812 1000
811 1000
810 1000
809 1000
808 1000
807 1000
806 1000
805 1000
804 1000
803 1000
802 1000
801 1000
800 1000
799 1000
798 1000
797 1000
796 1000
795 1000
794 1000
793 1000
792 1000
791 1000
790 1000
789 1000
788 1000
787 1000
786 1000
785 1000
784 1000
783 1000
782 1000
781 1000
780 1000
779 1000
778 1000
777 1000
776 1000
775 1000
774 1000
773 1000
772 1000
771 1000
770 1000
769 1000
768 1000
767 1000
766 1000
765 1000
764 1000
763 1000
762 1000
761 1000
760 1000
759 1000
758 1000
757 1000
756 1000
755 1000
754 1000
753 1000
752 1000
751 1000
750 1000
749 1000
748 1000
747 1000
746 1000
745 1000
744 1000
743 1000
742 1000
741 1000
740 1000
739 1000
738 1000
737 1000
736 1000
735 1000
734 1000
733 1000
732 1000
731 1000
730 1000
729 1000
728 1000
727 1000
726 1000
725 1000
724 1000
723 1000
722 1000
721 1000
720 1000
719 1000
718 1000
717 1000
716 1000
715 1000
714 1000
713 1000
712 1000
711 1000
710 1000
709 1000
708 1000
707 1000
706 1000
705 1000
704 1000
703 1000
702 1000
701 1000
700 1000
699 1000
698 1000
697 1000
696 1000
695 1000
694 1000
693 1000
692 1000
691 1000
690 1000
689 1000
688 1000
687 1000
686 1000
685 1000
684 1000
683 1000
682 1000
681 1000
680 1000
679 1000
678 1000
677 1000
676 1000
675 1000
674 1000
673 1000
672 1000
671 1000
670 1000
669 1000
668 1000
667 1000
666 1000
665 1000
664 1000
663 1000
662 1000
661 1000
660 1000
659 1000
658 1000
657 1000
656 1000
655 1000
654 1000
653 1000
652 1000
651 1000
650 1000
649 1000
648 1000
647 1000
646 1000
645 1000
644 1000
643 1000
642 1000
641 1000
640 1000
639 1000
638 1000
637 1000
636 1000
635 1000
634 1000
633 1000
632 1000
631 1000
630 1000
629 1000
628 1000
627 1000
626 1000
625 1000
624 1000
623 1000
622 1000
621 1000
620 1000
619 1000
618 1000
617 1000
616 1000
615 1000
614 1000
613 1000
612 1000
611 1000
610 1000
609 1000
608 1000
607 1000
606 1000
605 1000
604 1000
603 1000
602 1000
601 1000
600 1000
599 1000
598 1000
597 1000
596 1000
595 1000
594 1000
593 1000
592 1000
591 1000
590 1000
589 1000
588 1000
587 1000
586 1000
585 1000
584 1000
583 1000
582 1000
581 1000
580 1000
579 1000
578 1000
577 1000
576 1000
575 1000
574 1000
573 1000
572 1000
571 1000
570 1000
569 1000
568 1000
567 1000
566 1000
565 1000
564 1000
563 1000
562 1000
561 1000
560 1000
559 1000
558 1000
557 1000
556 1000
555 1000
554 1000
553 1000
552 1000
551 1000
550 1000
549 1000
548 1000
547 1000
546 1000
545 1000
544 1000
543 1000
542 1000
541 1000
540 1000
539 1000
538 1000
537 1000
536 1000
535 1000
534 1000
533 1000
532 1000
531 1000
530 1000
529 1000
528 1000
527 1000
526 1000
525 1000
524 1000
523 1000
522 1000
521 1000
520 1000
519 1000
518 1000
517 1000
516 1000
515 1000
514 1000
513 1000
512 1000
511 1000
510 1000
509 1000
508 1000
507 1000
506 1000
505 1000
504 1000
503 1000
502 1000
501 1000
500 1000
499 1000
498 1000
497 1000
496 1000
495 1000
494 1000
493 1000
492 1000
491 1000
490 1000
489 1000
488 1000
487 1000
486 1000
485 1000
484 1000
483 1000
482 1000
481 1000
480 1000
479 1000
478 1000
477 1000
476 1000
475 1000
474 1000
473 1000
472 1000
471 1000
470 1000
469 1000
468 1000
467 1000
466 1000
465 1000
464 1000
463 1000
462 1000
461 1000
460 1000
459 1000
458 1000
457 1000
456 1000
455 1000
454 1000
453 1000
452 1000
451 1000
450 1000
449 1000
448 1000
447 1000
446 1000
445 1000
444 1000
443 1000
442 1000
441 1000
440 1000
439 1000
438 1000
437 1000
436 1000
435 1000
434 1000
433 1000
432 1000
431 1000
430 1000
429 1000
428 1000
427 1000
426 1000
425 1000
424 1000
423 1000
422 1000
421 1000
420 1000
419 1000
418 1000
417 1000
416 1000
415 1000
414 1000
413 1000
412 1000
411 1000
410 1000
409 1000
408 1000
407 1000
406 1000
405 1000
404 1000
403 1000
402 1000
401 1000
400 1000
399 1000
398 1000
397 1000
396 1000
395 1000
394 1000
393 1000
392 1000
391 1000
390 1000
389 1000
388 1000
387 1000
386 1000
385 1000
384 1000
383 1000
382 1000
381 1000
380 1000
379 1000
378 1000
377 1000
376 1000
375 1000
374 1000
373 1000
372 1000
371 1000
370 1000
369 1000
368 1000
367 1000
366 1000
365 1000
364 1000
363 1000
362 1000
361 1000
360 1000
359 1000
358 1000
357 1000
356 1000
355 1000
354 1000
353 1000
352 1000
351 1000
350 1000
349 1000
348 1000
347 1000
346 1000
345 1000
344 1000
343 1000
342 1000
341 1000
340 1000
339 1000
338 1000
337 1000
336 1000
335 1000
334 1000
333 1000
332 1000
331 1000
330 1000
329 1000
328 1000
327 1000
326 1000
325 1000
324 1000
323 1000
322 1000
321 1000
320 1000
319 1000
318 1000
317 1000
316 1000
315 1000
314 1000
313 1000
312 1000
311 1000
310 1000
309 1000
308 1000
307 1000
306 1000
305 1000
304 1000
303 1000
302 1000
301 1000
300 1000
299 1000
298 1000
297 1000
296 1000
295 1000
294 1000
293 1000
292 1000
291 1000
290 1000
289 1000
288 1000
287 1000
286 1000
285 1000
284 1000
283 1000
282 1000
281 1000
280 1000
279 1000
278 1000
277 1000
276 1000
275 1000
274 1000
273 1000
272 1000
271 1000
270 1000
269 1000
268 1000
267 1000
266 1000
265 1000
264 1000
263 1000
262 1000
261 1000
260 1000
259 1000
258 1000
257 1000
256 1000
255 1000
254 1000
253 1000
252 1000
251 1000
250 1000
249 1000
248 1000
247 1000
246 1000
245 1000
244 1000
243 1000
242 1000
241 1000
240 1000
239 1000
238 1000
237 1000
236 1000
235 1000
234 1000
233 1000
232 1000
231 1000
230 1000
229 1000
228 1000
227 1000
226 1000
225 1000
224 1000
223 1000
222 1000
221 1000
220 1000
219 1000
218 1000
217 1000
216 1000
215 1000
214 1000
213 1000
212 1000
211 1000
210 1000
209 1000
208 1000
207 1000
206 1000
205 1000
204 1000
203 1000
202 1000
201 1000
200 1000
199 1000
198 1000
197 1000
196 1000
195 1000
194 1000
193 1000
192 1000
191 1000
190 1000
189 1000
188 1000
187 1000
186 1000
185 1000
184 1000
183 1000
182 1000
181 1000
180 1000
179 1000
178 1000
177 1000
176 1000
175 1000
174 1000
173 1000
172 1000
171 1000
170 1000
169 1000
168 1000
167 1000
166 1000
165 1000
164 1000
163 1000
162 1000
161 1000
160 1000
159 1000
158 1000
157 1000
156 1000
155 1000
154 1000
153 1000
152 1000
151 1000
150 1000
149 1000
148 1000
147 1000
146 1000
145 1000
144 1000
143 1000
142 1000
141 1000
140 1000
139 1000
138 1000
137 1000
136 1000
135 1000
134 1000
133 1000
132 1000
131 1000
130 1000
129 1000
128 1000
127 1000
126 1000
125 1000
124 1000
123 1000
122 1000
121 1000
120 1000
119 1000
118 1000
117 1000
116 1000
115 1000
114 1000
113 1000
112 1000
111 1000
110 1000
109 1000
108 1000
107 1000
106 1000
105 1000
104 1000
103 1000
102 1000
101 1000
100 1000
99 1000
98 1000
97 1000
96 1000
95 1000
94 1000
93 1000
92 1000
91 1000
90 1000
89 1000
88 1000
87 1000
86 1000
85 1000
84 1000
83 1000
82 1000
81 1000
80 1000
79 1000
78 1000
77 1000
76 1000
75 1000
74 1000
73 1000
72 1000
71 1000
70 1000
69 1000
68 1000
67 1000
66 1000
65 1000
64 1000
63 1000
62 1000
61 1000
60 1000
59 1000
58 1000
57 1000
56 1000
55 1000
54 1000
53 1000
52 1000
51 1000
50 1000
49 1000
48 1000
47 1000
46 1000
45 1000
44 1000
43 1000
42 1000
41 1000
40 1000
39 1000
38 1000
37 1000
36 1000
35 1000
34 1000
33 1000
32 1000
31 1000
30 1000
29 1000
28 1000
27 1000
26 1000
25 1000
24 1000
23 1000
22 1000
21 1000
20 1000
19 1000
18 1000
17 1000
16 1000
15 1000
14 1000
13 1000
12 1000
11 1000
10 1000
9 1000
8 1000
7 1000
6 1000
5 1000
4 1000
3 1000
2 1000
1 1000
0 1000
240 1000
239 1000
238 1000
237 1000
236 1000
235 1000
234 1000
233 1000
232 1000
231 1000
230 1000
229 1000
228 1000
227 1000
226 1000
225 1000
224 1000
223 1000
222 1000
221 1000
220 1000
219 1000
218 1000
217 1000
216 1000
215 1000
214 1000
213 1000
212 1000
211 1000
210 1000
209 1000
208 1000
207 1000
206 1000
205 1000
204 1000
203 1000
202 1000
201 1000
200 1000
199 1000
198 1000
197 1000
196 1000
195 1000
194 1000
193 1000
192 1000
191 1000
190 1000
189 1000
188 1000
187 1000
186 1000
185 1000
184 1000
183 1000
182 1000
181 1000
180 1000
179 1000
178 1000
177 1000
176 1000
175 1000
174 1000
173 1000
172 1000
171 1000
170 1000
169 1000
168 1000
167 1000
166 1000
165 1000
164 1000
163 1000
162 1000
161 1000
160 1000
159 1000
158 1000
157 1000
156 1000
155 1000
154 1000
153 1000
152 1000
151 1000
150 1000
149 1000
148 1000
147 1000
146 1000
145 1000
144 1000
143 1000
142 1000
141 1000
140 1000
139 1000
138 1000
137 1000
136 1000
135 1000
134 1000
133 1000
132 1000
131 1000
130 1000
129 1000
128 1000
127 1000
126 1000
125 1000
124 1000
123 1000
122 1000
121 1000
120 1000
119 1000
118 1000
117 1000
116 1000
115 1000
114 1000
113 1000
112 1000
111 1000
110 1000
109 1000
108 1000
107 1000
106 1000
105 1000
104 1000
103 1000
102 1000
101 1000
100 1000
99 1000
98 1000
97 1000
96 1000
95 1000
94 1000
93 1000
92 1000
91 1000
90 1000
89 1000
88 1000
87 1000
86 1000
85 1000
84 1000
83 1000
82 1000
81 1000
80 1000
79 1000
78 1000
77 1000
76 1000
75 1000
74 1000
73 1000
72 1000
71 1000
70 1000
69 1000
68 1000
67 1000
66 1000
65 1000
64 1000
63 1000
62 1000
61 1000
60 1000
59 1000
58 1000
57 1000
56 1000
55 1000
54 1000
53 1000
52 1000
51 1000
50 1000
49 1000
48 1000
47 1000
46 1000
45 1000
44 1000
43 1000
42 1000
41 1000
40 1000
39 1000
38 1000
37 1000
36 1000
35 1000
34 1000
33 1000
32 1000
31 1000
30 1000
29 1000
28 1000
27 1000
26 1000
25 1000
24 1000
23 1000
22 1000
21 1000
20 1000
19 1000
18 1000
17 1000
16 1000
15 1000
14 1000
13 1000
12 1000
11 1000
10 1000
9 1000
8 1000
7 1000
6 1000
5 1000
4 1000
3 1000
2 1000
1 1000
0 1000
1000 1000
1000 1000
1000 1000
1000 1000
1000 1000
1000 1000
1000 1000
1000 1000
1000 1000
1000 1000
1000 1000
1000 1000
1000 1000
1000 1000
1000 1000
1000 1000
1000 1000
1000 1000
1000 1000
1000 1000
1000 1000
1000 1000
1000 1000
1000 1000
1000 1000
1000 1000
1000 1000
1000 1000
1000 1000
1000 1000
1000 1000
1000 1000
1000 1000
1000 1000
1000 1000
1000 1000
1000 1000
1000 1000
1000 1000
1000 1000
1000 1000
1000 1000
1000 1000
1000 1000
1000 1000
1000 1000
1000 1000
1000 1000
1000 1000
1000 1000
1000 1000
1000 1000
1000 1000
1000 1000
1000 1000
1000 1000
1000 1000
1000 1000
1000 1000
1000 1000
1000 1000
1000 1000
1000 1000
1000 1000
1000 1000
1000 1000
1000 1000
1000 1000
1000 1000
1000 1000
1000 1000
1000 1000
1000 1000
1000 1000
1000 1000
1000 1000
1000 1000
1000 1000
1000 1000
1000 1000
1000 1000
1000 1000
1000 1000
1000 1000
1000 1000
1000 1000
1000 1000
1000 1000
1000 1000
1000 1000
1000 1000
1000 1000
1000 1000
1000 1000
1000 1000
1000 1000
1000 1000
1000 1000
1000 1000
1000 1000
1000 1000
1000 1000
1000 1000
1000 1000
1000 1000
1000 1000
1000 1000
1000 1000
1000 1000
1000 1000
1000 1000
1000 1000
1000 1000
1000 1000
1000 1000
1000 1000
1000 1000
1000 1000
1000 1000
1000 1000
1000 1000
1000 1000
1000 1000
1000 1000
1000 1000
1000 1000
1000 1000
1000 1000
1000 1000
1000 1000
1000 1000
1000 1000
1000 1000
1000 1000
1000 1000
1000 1000
1000 1000
1000 1000
1000 1000
1000 1000
1000 1000
1000 1000
1000 1000
1000 1000
1000 1000
1000 1000
1000 1000
1000 1000
1000 1000
1000 1000
1000 1000
1000 1000
1000 1000
1000 1000
1000 1000
1000 1000
1000 1000
1000 1000
1000 1000
1000 1000
1000 1000
1000 1000
1000 1000
1000 1000
1000 1000
1000 1000
1000 1000
1000 1000
1000 1000
1000 1000
1000 1000
1000 1000
1000 1000
1000 1000
1000 1000
1000 1000
1000 1000
1000 1000
1000 1000
1000 1000
1000 1000
1000 1000
1000 1000
1000 1000
1000 1000
1000 1000
1000 1000
1000 1000
1000 1000
1000 1000
1000 1000
1000 1000
1000 1000
1000 1000
1000 1000
1000 1000
1000 1000
1000 1000
1000 1000
1000 1000
1000 1000
1000 1000
1000 1000
1000 1000
1000 1000
1000 1000
1000 1000
1000 1000
1000 1000
1000 1000
1000 1000
1000 1000
1000 1000
1000 1000
1000 1000
1000 1000
1000 1000
1000 1000
1000 1000
1000 1000
1000 1000
1000 1000
1000 1000
1000 1000
1000 1000
1000 1000
1000 1000
1000 1000
1000 1000
1000 1000
1000 1000
1000 1000
1000 1000
1000 1000
1000 1000
1000 1000
1000 1000
1000 1000
1000 1000
1000 1000
1000 1000
1000 1000
1000 1000
1000 1000
1000 1000
1000 1000
1000 1000
1000 1000
1000 1000
1000 1000
