2821 1535
2820 1534
2819 1533
2818 1532
2817 1531
2816 1530
2815 1529
2814 1528
2813 1527
2812 1526
2811 1525
2810 1524
2809 1523
2808 1522
2807 1521
2806 1520
2805 1519
2804 1518
2803 1517
2802 1516
2801 1515
2800 1514
2799 1513
2798 1512
2797 1511
2796 1510
2795 1509
2794 1508
2793 1507
2792 1506
2791 1505
2790 1504
2789 1503
2788 1502
2787 1501
2786 1500
2785 1499
2784 1498
2783 1497
2782 1496
2781 1495
2780 1494
2779 1493
2778 1492
2777 1491
2776 1490
2775 1489
2774 1488
2773 1487
2772 1486
2771 1485
2770 1484
2769 1483
2768 1482
2767 1481
2766 1480
2765 1479
2764 1478
2763 1477
2762 1476
2761 1475
2760 1474
2759 1473
2758 1472
2757 1471
2756 1470
2755 1469
2754 1468
2753 1467
2752 1466
2751 1465
2750 1464
2749 1463
2748 1462
2747 1461
2746 1460
2745 1459
2744 1458
2743 1457
2742 1456
2741 1455
2740 1454
2739 1453
2738 1452
2737 1451
2736 1450
2735 1449
2734 1448
2733 1447
2732 1446
2731 1445
2730 1444
2729 1443
2728 1442
2727 1441
2726 1440
2725 1439
2724 1438
2723 1437
2722 1436
2721 1435
2720 1434
2719 1433
2718 1432
2717 1431
2716 1430
2715 1429
2714 1428
2713 1427
2712 1426
2711 1425
2710 1424
2709 1423
2708 1422
2707 1421
2706 1420
2705 1419
2704 1418
2703 1417
2702 1416
2701 1415
2700 1414
2699 1413
2698 1412
2697 1411
2696 1410
2695 1409
2694 1408
2693 1407
2692 1406
2691 1405
2690 1404
2689 1403
2688 1402
2687 1401
2686 1400
2685 1399
2684 1398
2683 1397
2682 1396
2681 1395
2680 1394
2679 1393
2678 1392
2677 1391
2676 1390
2675 1389
2674 1388
2673 1387
2672 1386
2671 1385
2670 1384
2669 1383
2668 1382
2667 1381
2666 1380
2665 1379
2664 1378
2663 1377
2662 1376
2661 1375
2660 1374
2659 1373
2658 1372
2657 1371
2656 1370
2655 1369
2654 1368
2653 1367
2652 1366
2651 1365
2650 1364
2649 1363
2648 1362
2647 1361
2646 1360
2645 1359
2644 1358
2643 1357
2642 1356
2641 1355
2640 1354
2639 1353
2638 1352
2637 1351
2636 1350
2635 1349
2634 1348
2633 1347
2632 1346
2631 1345
2630 1344
2629 1343
2628 1342
2627 1341
2626 1340
2625 1339
2624 1338
2623 1337
2622 1336
2621 1335
2620 1334
2619 1333
2618 1332
2617 1331
2616 1330
2615 1329
2614 1328
2613 1327
2612 1326
2611 1325
2610 1324
2609 1323
2608 1322
2607 1321
2606 1320
2605 1319
2604 1318
2603 1317
2602 1316
2601 1315
2600 1314
2599 1313
2598 1312
2597 1311
2596 1310
2595 1309
2594 1308
2593 1307
2592 1306
2591 1305
2590 1304
2589 1303
2588 1302
2587 1301
2586 1300
2585 1299
2584 1298
2583 1297
2582 1296
2581 1295
2580 1294
2579 1293
2578 1292
2577 1291
2576 1290
2575 1289
2574 1288
2573 1287
2572 1286
2571 1285
2570 1284
2569 1283
2568 1282
2567 1281
2566 1280
2565 1279
2564 1278
2563 1277
2562 1276
2561 1275
2560 1274
2559 1273
2558 1272
2557 1271
2556 1270
2555 1269
2554 1268
2553 1267
2552 1266
2551 1265
2550 1264
2549 1263
2548 1262
2547 1261
2546 1260
2545 1259
2544 1258
2543 1257
2542 1256
2541 1255
2540 1254
2539 1253
2538 1252
2537 1251
2536 1250
2535 1249
2534 1248
2533 1247
2532 1246
2531 1245
2530 1244
2529 1243
2528 1242
2527 1241
2526 1240
2525 1239
2524 1238
2523 1237
2522 1236
2521 1235
2520 1234
2519 1233
2518 1232
2517 1231
2516 1230
2515 1229
2514 1228
2513 1227
2512 1226
2511 1225
2510 1224
2509 1223
2508 1222
2507 1221
2506 1220
2505 1219
2504 1218
2503 1217
2502 1216
2501 1215
2500 1214
2499 1213
2498 1212
2497 1211
2496 1210
2495 1209
2494 1208
2493 1207
2492 1206
2491 1205
2490 1204
2489 1203
2488 1202
2487 1201
2486 1200
2485 1199
2484 1198
2483 1197
2482 1196
2481 1195
2480 1194
2479 1193
2478 1192
2477 1191
2476 1190
2475 1189
2474 1188
2473 1187
2472 1186
2471 1185
2470 1184
2469 1183
2468 1182
2467 1181
2466 1180
2465 1179
2464 1178
2463 1177
2462 1176
2461 1175
2460 1174
2459 1173
2458 1172
2457 1171
2456 1170
2455 1169
2454 1168
2453 1167
2452 1166
2451 1165
2450 1164
2449 1163
2448 1162
2447 1161
2446 1160
2445 1159
2444 1158
2443 1157
2442 1156
2441 1155
2440 1154
2439 1153
2438 1152
2437 1151
2436 1150
2435 1149
2434 1148
2433 1147
2432 1146
2431 1145
2430 1144
2429 1143
2428 1142
2427 1141
2426 1140
2425 1139
2424 1138
2423 1137
2422 1136
2421 1135
2420 1134
2419 1133
2418 1132
2417 1131
2416 1130
2415 1129
2414 1128
2413 1127
2412 1126
2411 1125
2410 1124
2409 1123
2408 1122
2407 1121
2406 1120
2405 1119
2404 1118
2403 1117
2402 1116
2401 1115
2400 1114
2399 1113
2398 1112
2397 1111
2396 1110
2395 1109
2394 1108
2393 1107
2392 1106
2391 1105
2390 1104
2389 1103
2388 1102
2387 1101
2386 1100
2385 1099
2384 1098
2383 1097
2382 1096
2381 1095
2380 1094
2379 1093
2378 1092
2377 1091
2376 1090
2375 1089
2374 1088
2373 1087
2372 1086
2371 1085
2370 1084
2369 1083
2368 1082
2367 1081
2366 1080
2365 1079
2364 1078
2363 1077
2362 1076
2361 1075
2360 1074
2359 1073
2358 1072
2357 1071
2356 1070
2355 1069
2354 1068
2353 1067
2352 1066
2351 1065
2350 1064
2349 1063
2348 1062
2347 1061
2346 1060
2345 1059
2344 1058
2343 1057
2342 1056
2341 1055
2340 1054
2339 1053
2338 1052
2337 1051
2336 1050
2335 1049
2334 1048
2333 1047
2332 1046
2331 1045
2330 1044
2329 1043
2328 1042
2327 1041
2326 1040
2325 1039
2324 1038
2323 1037
2322 1036
2321 1035
2320 1034
2319 1033
2318 1032
2317 1031
2316 1030
2315 1029
2314 1028
2313 1027
2312 1026
2311 1025
2310 1024
2309 1023
2308 1022
2307 1021
2306 1020
2305 1019
2304 1018
2303 1017
2302 1016
2301 1015
2300 1014
2299 1013
2298 1012
2297 1011
2296 1010
2295 1009
2294 1008
2293 1007
2292 1006
2291 1005
2290 1004
2289 1003
2288 1002
2287 1001
2286 1000
2285 999
2284 998
2283 997
2282 996
2281 995
2280 994
2279 993
2278 992
2277 991
2276 990
2275 989
2274 988
2273 987
2272 986
2271 985
2270 984
2269 983
2268 982
2267 981
2266 980
2265 979
2264 978
2263 977
2262 976
2261 975
2260 974
2259 973
2258 972
2257 971
2256 970
2255 969
2254 968
2253 967
2252 966
2251 965
2250 964
2249 963
2248 962
2247 961
2246 960
2245 959
2244 958
2243 957
2242 956
2241 955
2240 954
2239 953
2238 952
2237 951
2236 950
2235 949
2234 948
2233 947
2232 946
2231 945
2230 944
2229 943
2228 942
2227 941
2226 940
2225 939
2224 938
2223 937
2222 936
2221 935
2220 934
2219 933
2218 932
2217 931
2216 930
2215 929
2214 928
2213 927
2212 926
2211 925
2210 924
2209 923
2208 922
2207 921
2206 920
2205 919
2204 918
2203 917
2202 916
2201 915
2200 914
2199 913
2198 912
2197 911
2196 910
2195 909
2194 908
2193 907
2192 906
2191 905
2190 904
2189 903
2188 902
2187 901
2186 900
2185 899
2184 898
2183 897
2182 896
2181 895
2180 894
2179 893
2178 892
2177 891
2176 890
2175 889
2174 888
2173 887
2172 886
2171 885
2170 884
2169 883
2168 882
2167 881
2166 880
2165 879
2164 878
2163 877
2162 876
2161 875
2160 874
2159 873
2158 872
2157 871
2156 870
2155 869
2154 868
2153 867
2152 866
2151 865
2150 864
2149 863
2148 862
2147 861
2146 860
2145 859
2144 858
2143 857
2142 856
2141 855
2140 854
2139 853
2138 852
2137 851
2136 850
2135 849
2134 848
2133 847
2132 846
2131 845
2130 844
2129 843
2128 842
2127 841
2126 840
2125 839
2124 838
2123 837
2122 836
2121 835
2120 834
2119 833
2118 832
2117 831
2116 830
2115 829
2114 828
2113 827
2112 826
2111 825
2110 824
2109 823
2108 822
2107 821
2106 820
2105 819
2104 818
2103 817
2102 816
2101 815
2100 814
2099 813
2098 812
2097 811
2096 810
2095 809
2094 808
2093 807
2092 806
2091 805
2090 804
2089 803
2088 802
2087 801
2086 800
2085 799
2084 798
2083 797
2082 796
2081 795
2080 794
2079 793
2078 792
2077 791
2076 790
2075 789
2074 788
2073 787
2072 786
2071 785
2070 784
2069 783
2068 782
2067 781
2066 780
2065 779
2064 778
2063 777
2062 776
2061 775
2060 774
2059 773
2058 772
2057 771
2056 770
2055 769
2054 768
2053 767
2052 766
2051 765
2050 764
2049 763
2048 762
2047 761
2046 760
2045 759
2044 758
2043 757
2042 756
2041 755
2040 754
2039 753
2038 752
2037 751
2036 750
2035 749
2034 748
2033 747
2032 746
2031 745
2030 744
2029 743
2028 742
2027 741
2026 740
2025 739
2024 738
2023 737
2022 736
2021 735
2020 734
2019 733
2018 732
2017 731
2016 730
2015 729
2014 728
2013 727
2012 726
2011 725
2010 724
2009 723
2008 722
2007 721
2006 720
2005 719
2004 718
2003 717
2002 716
2001 715
2000 714
1999 713
1998 712
1997 711
1996 710
1995 709
1994 708
1993 707
1992 706
1991 705
1990 704
1989 703
1988 702
1987 701
1986 700
1985 699
1984 698
1983 697
1982 696
1981 695
1980 694
1979 693
1978 692
1977 691
1976 690
1975 689
1974 688
1973 687
1972 686
1971 685
1970 684
1969 683
1968 682
1967 681
1966 680
1965 679
1964 678
1963 677
1962 676
1961 675
1960 674
1959 673
1958 672
1957 671
1956 670
1955 669
1954 668
1953 667
1952 666
1951 665
1950 664
1949 663
1948 662
1947 661
1946 660
1945 659
1944 658
1943 657
1942 656
1941 655
1940 654
1939 653
1938 652
1937 651
1936 650
1935 649
1934 648
1933 647
1932 646
1931 645
1930 644
1929 643
1928 642
1927 641
1926 640
1925 639
1924 638
1923 637
1922 636
1921 635
1920 634
1919 633
1918 632
1917 631
1916 630
1915 629
1914 628
1913 627
1912 626
1911 625
1910 624
1909 623
1908 622
1907 621
1906 620
1905 619
1904 618
1903 617
1902 616
1901 615
1900 614
1899 613
1898 612
1897 611
1896 610
1895 609
1894 608
1893 607
1892 606
1891 605
1890 604
1889 603
1888 602
1887 601
1886 600
1885 599
1884 598
1883 597
1882 596
1881 595
1880 594
1879 593
1878 592
1877 591
1876 590
1875 589
1874 588
1873 587
1872 586
1871 585
1870 584
1869 583
1868 582
1867 581
1866 580
1865 579
1864 578
1863 577
1862 576
1861 575
1860 574
1859 573
1858 572
1857 571
1856 570
1855 569
1854 568
1853 567
1852 566
1851 565
1850 564
1849 563
1848 562
1847 561
1846 560
1845 559
1844 558
1843 557
1842 556
1841 555
1840 554
1839 553
1838 552
1837 551
1836 550
1835 549
1834 548
1833 547
1832 546
1831 545
1830 544
1829 543
1828 542
1827 541
1826 540
1825 539
1824 538
1823 537
1822 536
1821 535
1820 534
1819 533
1818 532
1817 531
1816 530
1815 529
1814 528
1813 527
1812 526
1811 525
1810 524
1809 523
1808 522
1807 521
1806 520
1805 519
1804 518
1803 517
1802 516
1801 515
1800 514
1799 513
1798 512
1797 511
1796 510
1795 509
1794 508
1793 507
1792 506
1791 505
1790 504
1789 503
1788 502
1787 501
1786 500
1785 499
1784 498
1783 497
1782 496
1781 495
1780 494
1779 493
1778 492
1777 491
1776 490
1775 489
1774 488
1773 487
1772 486
1771 485
1770 484
1769 483
1768 482
1767 481
1766 480
1765 479
1764 478
1763 477
1762 476
1761 475
1760 474
1759 473
1758 472
1757 471
1756 470
1755 469
1754 468
1753 467
1752 466
1751 465
1750 464
1749 463
1748 462
1747 461
1746 460
1745 459
1744 458
1743 457
1742 456
1741 455
1740 454
1739 453
1738 452
1737 451
1736 450
1735 449
1734 448
1733 447
1732 446
1731 445
1730 444
1729 443
1728 442
1727 441
1726 440
1725 439
1724 438
1723 437
1722 436
1721 435
1720 434
1719 433
1718 432
1717 431
1716 430
1715 429
1714 428
1713 427
1712 426
1711 425
1710 424
1709 423
1708 422
1707 421
1706 420
1705 419
1704 418
1703 417
1702 416
1701 415
1700 414
1699 413
1698 412
1697 411
1696 410
1695 409
1694 408
1693 407
1692 406
1691 405
1690 404
1689 403
1688 402
1687 401
1686 400
1685 399
1684 398
1683 397
1682 396
1681 395
1680 394
1679 393
1678 392
1677 391
1676 390
1675 389
1674 388
1673 387
1672 386
1671 385
1670 384
1669 383
1668 382
1667 381
1666 380
1665 379
1664 378
1663 377
1662 376
1661 375
1660 374
1659 373
1658 372
1657 371
1656 370
1655 369
1654 368
1653 367
1652 366
1651 365
1650 364
1649 363
1648 362
1647 361
1646 360
1645 359
1644 358
1643 357
1642 356
1641 355
1640 354
1639 353
1638 352
1637 351
1636 350
1635 349
1634 348
1633 347
1632 346
1631 345
1630 344
1629 343
1628 342
1627 341
1626 340
1625 339
1624 338
1623 337
1622 336
1621 335
1620 334
1619 333
1618 332
1617 331
1616 330
1615 329
1614 328
1613 327
1612 326
1611 325
1610 324
1609 323
1608 322
1607 321
1606 320
1605 319
1604 318
1603 317
1602 316
1601 315
1600 314
1599 313
1598 312
1597 311
1596 310
1595 309
1594 308
1593 307
1592 306
1591 305
1590 304
1589 303
1588 302
1587 301
1586 300
1585 299
1584 298
1583 297
1582 296
1581 295
1580 294
1579 293
1578 292
1577 291
1576 290
1575 289
1574 288
1573 287
1572 286
1571 285
1570 284
1569 283
1568 282
1567 281
1566 280
1565 279
1564 278
1563 277
1562 276
1561 275
1560 274
1559 273
1558 272
1557 271
1556 270
1555 269
1554 268
1553 267
1552 266
1551 265
1550 264
1549 263
1548 262
1547 261
1546 260
1545 259
1544 258
1543 257
1542 256
1541 255
1540 254
1539 253
1538 252
1537 251
1536 250
1535 249
1534 248
1533 247
1532 246
1531 245
1530 244
1529 243
1528 242
1527 241
1526 240
1525 239
1524 238
1523 237
1522 236
1521 235
1520 234
1519 233
1518 232
1517 231
1516 230
1515 229
1514 228
1513 227
1512 226
1511 225
1510 224
1509 223
1508 222
1507 221
1506 220
1505 219
1504 218
1503 217
1502 216
1501 215
1500 214
1499 213
1498 212
1497 211
1496 210
1495 209
1494 208
1493 207
1492 206
1491 205
1490 204
1489 203
1488 202
1487 201
1486 200
1485 199
1484 198
1483 197
1482 196
1481 195
1480 194
1479 193
1478 192
1477 191
1476 190
1475 189
1474 188
1473 187
1472 186
1471 185
1470 184
1469 183
1468 182
1467 181
1466 180
1465 179
1464 178
1463 177
1462 176
1461 175
1460 174
1459 173
1458 172
1457 171
1456 170
1455 169
1454 168
1453 167
1452 166
1451 165
1450 164
1449 163
1448 162
1447 161
1446 160
1445 159
1444 158
1443 157
1442 156
1441 155
1440 154
1439 153
1438 152
1437 151
1436 150
1435 149
1434 148
1433 147
1432 146
1431 145
1430 144
1429 143
1428 142
1427 141
1426 140
1425 139
1424 138
1423 137
1422 136
1421 135
1420 134
1419 133
1418 132
1417 131
1416 130
1415 129
1414 128
1413 127
1412 126
1411 125
1410 124
1409 123
1408 122
1407 121
1406 120
1405 119
1404 118
1403 117
1402 116
1401 115
1400 114
1399 113
1398 112
1397 111
1396 110
1395 109
1394 108
1393 107
1392 106
1391 105
1390 104
1389 103
1388 102
1387 101
1386 100
1385 99
1384 98
1383 97
1382 96
1381 95
1380 94
1379 93
1378 92
1377 91
1376 90
1375 89
1374 88
1373 87
1372 86
1371 85
1370 84
1369 83
1368 82
1367 81
1366 80
1365 79
1364 78
1363 77
1362 76
1361 75
1360 74
1359 73
1358 72
1357 71
1356 70
1355 69
1354 68
1353 67
1352 66
1351 65
1350 64
1349 63
1348 62
1347 61
1346 60
1345 59
1344 58
1343 57
1342 56
1341 55
1340 54
1339 53
1338 52
1337 51
1336 50
1335 49
1334 48
1333 47
1332 46
1331 45
1330 44
1329 43
1328 42
1327 41
1326 40
1325 39
1324 38
1323 37
1322 36
1321 35
1320 34
1319 33
1318 32
1317 31
1316 30
1315 29
1314 28
1313 27
1312 26
1311 25
1310 24
1309 23
1308 22
1307 21
1306 20
1305 19
1304 18
1303 17
1302 16
1301 15
1300 14
1299 13
1298 12
1297 11
1296 10
1295 9
1294 8
1293 7
1292 6
1291 5
1290 4
1289 3
1288 2
1287 1
1286 0
1285 1000
1284 1000
1283 1000
1282 1000
1281 1000
1280 1000
1279 1000
1278 1000
1277 1000
1276 1000
1275 1000
1274 1000
1273 1000
1272 1000
1271 1000
1270 1000
1269 1000
1268 1000
1267 1000
1266 1000
1265 1000
1264 1000
1263 1000
1262 1000
1261 1000
1260 1000
1259 1000
1258 1000
1257 1000
1256 1000
1255 1000
1254 1000
1253 1000
1252 1000
1251 1000
1250 1000
1249 1000
1248 1000
1247 1000
1246 1000
1245 1000
1244 1000
1243 1000
1242 1000
1241 1000
1240 1000
1239 1000
1238 1000
1237 1000
1236 1000
1235 1000
1234 1000
1233 1000
1232 1000
1231 1000
1230 1000
1229 1000
1228 1000
1227 1000
1226 1000
1225 1000
1224 1000
1223 1000
1222 1000
1221 1000
1220 1000
1219 1000
1218 1000
1217 1000
1216 1000
1215 1000
1214 1000
1213 1000
1212 1000
1211 1000
1210 1000
1209 1000
1208 1000
1207 1000
1206 1000
1205 1000
1204 1000
1203 1000
1202 1000
1201 1000
1200 1000
1199 1000
1198 1000
1197 1000
1196 1000
1195 1000
1194 1000
1193 1000
1192 1000
1191 1000
1190 1000
1189 1000
1188 1000
1187 1000
1186 1000
1185 1000
1184 1000
1183 1000
1182 1000
1181 1000
1180 1000
1179 1000
1178 1000
1177 1000
1176 1000
1175 1000
1174 1000
1173 1000
1172 1000
1171 1000
1170 1000
1169 1000
1168 1000
1167 1000
1166 1000
1165 1000
1164 1000
1163 1000
1162 1000
1161 1000
1160 1000
1159 1000
1158 1000
1157 1000
1156 1000
1155 1000
1154 1000
1153 1000
1152 1000
1151 1000
1150 1000
1149 1000
1148 1000
1147 1000
1146 1000
1145 1000
1144 1000
1143 1000
1142 1000
1141 1000
1140 1000
1139 1000
1138 1000
1137 1000
1136 1000
1135 1000
1134 1000
1133 1000
1132 1000
1131 1000
1130 1000
1129 1000
1128 1000
1127 1000
1126 1000
1125 1000
1124 1000
1123 1000
1122 1000
1121 1000
1120 1000
1119 1000
1118 1000
1117 1000
1116 1000
1115 1000
1114 1000
1113 1000
1112 1000
1111 1000
1110 1000
1109 1000
1108 1000
1107 1000
1106 1000
1105 1000
1104 1000
1103 1000
1102 1000
1101 1000
1100 1000
1099 1000
1098 1000
1097 1000
1096 1000
1095 1000
1094 1000
1093 1000
1092 1000
1091 1000
1090 1000
1089 1000
1088 1000
1087 1000
1086 1000
1085 1000
1084 1000
1083 1000
1082 1000
1081 1000
1080 1000
1079 1000
1078 1000
1077 1000
1076 1000
1075 1000
1074 1000
1073 1000
1072 1000
1071 1000
1070 1000
1069 1000
1068 1000
1067 1000
1066 1000
1065 1000
1064 1000
1063 1000
1062 1000
1061 1000
1060 1000
1059 1000
1058 1000
1057 1000
1056 1000
1055 1000
1054 1000
1053 1000
1052 1000
1051 1000
1050 1000
1049 1000
1048 1000
1047 1000
1046 1000
1045 1000
1044 1000
1043 1000
1042 1000
1041 1000
1040 1000
1039 1000
1038 1000
1037 1000
1036 1000
1035 1000
1034 1000
1033 1000
1032 1000
1031 1000
1030 1000
1029 1000
1028 1000
1027 1000
1026 1000
1025 1000
1024 1000
1023 1000
1022 1000
1021 1000
1020 1000
1019 1000
1018 1000
1017 1000
1016 1000
1015 1000
1014 1000
1013 1000
1012 1000
1011 1000
1010 1000
1009 1000
1008 1000
1007 1000
1006 1000
1005 1000
1004 1000
1003 1000
1002 1000
1001 1000
1000 1000
999 1000
998 1000
997 1000
996 1000
995 1000
994 1000
993 1000
992 1000
991 1000
990 1000
989 1000
988 1000
987 1000
986 1000
985 1000
984 1000
983 1000
982 1000
981 1000
980 1000
979 1000
978 1000
977 1000
976 1000
975 1000
974 1000
973 1000
972 1000
971 1000
970 1000
969 1000
968 1000
967 1000
966 1000
965 1000
964 1000
963 1000
962 1000
961 1000
960 1000
959 1000
958 1000
957 1000
956 1000
955 1000
954 1000
953 1000
952 1000
951 1000
950 1000
949 1000
948 1000
947 1000
946 1000
945 1000
944 1000
943 1000
942 1000
941 1000
940 1000
939 1000
938 1000
937 1000
936 1000
935 1000
934 1000
933 1000
932 1000
931 1000
930 1000
929 1000
928 1000
927 1000
926 1000
925 1000
924 1000
923 1000
922 1000
921 1000
920 1000
919 1000
918 1000
917 1000
916 1000
915 1000
914 1000
913 1000
912 1000
911 1000
910 1000
909 1000
908 1000
907 1000
906 1000
905 1000
904 1000
903 1000
902 1000
901 1000
900 1000
899 1000
898 1000
897 1000
896 1000
895 1000
894 1000
893 1000
892 1000
891 1000
890 1000
889 1000
888 1000
887 1000
886 1000
885 1000
884 1000
883 1000
882 1000
881 1000
880 1000
879 1000
878 1000
877 1000
876 1000
875 1000
874 1000
873 1000
872 1000
871 1000
870 1000
869 1000
868 1000
867 1000
866 1000
865 1000
864 1000
863 1000
862 1000
861 1000
860 1000
859 1000
858 1000
857 1000
856 1000
855 1000
854 1000
853 1000
852 1000
851 1000
850 1000
849 1000
848 1000
847 1000
846 1000
845 1000
844 1000
843 1000
842 1000
841 1000
840 1000
839 1000
838 1000
837 1000
836 1000
835 1000
834 1000
833 1000
832 1000
831 1000
830 1000
829 1000
828 1000
827 1000
826 1000
825 1000
824 1000
823 1000
822 1000
821 1000
820 1000
819 1000
818 1000
817 1000
816 1000
815 1000
814 1000
813 1000
812 1000
811 1000
810 1000
809 1000
808 1000
807 1000
806 1000
805 1000
804 1000
803 1000
802 1000
801 1000
800 1000
799 1000
798 1000
797 1000
796 1000
795 1000
794 1000
793 1000
792 1000
791 1000
790 1000
789 1000
788 1000
787 1000
786 1000
785 1000
784 1000
783 1000
782 1000
781 1000
780 1000
779 1000
778 1000
777 1000
776 1000
775 1000
774 1000
773 1000
772 1000
771 1000
770 1000
769 1000
768 1000
767 1000
766 1000
765 1000
764 1000
763 1000
762 1000
761 1000
760 1000
759 1000
758 1000
757 1000
756 1000
755 1000
754 1000
753 1000
752 1000
751 1000
750 1000
749 1000
748 1000
747 1000
746 1000
745 1000
744 1000
743 1000
742 1000
741 1000
740 1000
739 1000
738 1000
737 1000
736 1000
735 1000
734 1000
733 1000
732 1000
731 1000
730 1000
729 1000
728 1000
727 1000
726 1000
725 1000
724 1000
723 1000
722 1000
721 1000
720 1000
719 1000
718 1000
717 1000
716 1000
715 1000
714 1000
713 1000
712 1000
711 1000
710 1000
709 1000
708 1000
707 1000
706 1000
705 1000
704 1000
703 1000
702 1000
701 1000
700 1000
699 1000
698 1000
697 1000
696 1000
695 1000
694 1000
693 1000
692 1000
691 1000
690 1000
689 1000
688 1000
687 1000
686 1000
685 1000
684 1000
683 1000
682 1000
681 1000
680 1000
679 1000
678 1000
677 1000
676 1000
675 1000
674 1000
673 1000
672 1000
671 1000
670 1000
669 1000
668 1000
667 1000
666 1000
665 1000
664 1000
663 1000
662 1000
661 1000
660 1000
659 1000
658 1000
657 1000
656 1000
655 1000
654 1000
653 1000
652 1000
651 1000
650 1000
649 1000
648 1000
647 1000
646 1000
645 1000
644 1000
643 1000
642 1000
641 1000
640 1000
639 1000
638 1000
637 1000
636 1000
635 1000
634 1000
633 1000
632 1000
631 1000
630 1000
629 1000
628 1000
627 1000
626 1000
625 1000
624 1000
623 1000
622 1000
621 1000
620 1000
619 1000
618 1000
617 1000
616 1000
615 1000
614 1000
613 1000
612 1000
611 1000
610 1000
609 1000
608 1000
607 1000
606 1000
605 1000
604 1000
603 1000
602 1000
601 1000
600 1000
599 1000
598 1000
597 1000
596 1000
595 1000
594 1000
593 1000
592 1000
591 1000
590 1000
589 1000
588 1000
587 1000
586 1000
585 1000
584 1000
583 1000
582 1000
581 1000
580 1000
579 1000
578 1000
577 1000
576 1000
575 1000
574 1000
573 1000
572 1000
571 1000
570 1000
569 1000
568 1000
567 1000
566 1000
565 1000
564 1000
563 1000
562 1000
561 1000
560 1000
559 1000
558 1000
557 1000
556 1000
555 1000
554 1000
553 1000
552 1000
551 1000
550 1000
549 1000
548 1000
547 1000
546 1000
545 1000
544 1000
543 1000
542 1000
541 1000
540 1000
539 1000
538 1000
537 1000
536 1000
535 1000
534 1000
533 1000
532 1000
531 1000
530 1000
529 1000
528 1000
527 1000
526 1000
525 1000
524 1000
523 1000
522 1000
521 1000
520 1000
519 1000
518 1000
517 1000
516 1000
515 1000
514 1000
513 1000
512 1000
511 1000
510 1000
509 1000
508 1000
507 1000
506 1000
505 1000
504 1000
503 1000
502 1000
501 1000
500 1000
499 1000
498 1000
497 1000
496 1000
495 1000
494 1000
493 1000
492 1000
491 1000
490 1000
489 1000
488 1000
487 1000
486 1000
485 1000
484 1000
483 1000
482 1000
481 1000
480 1000
479 1000
478 1000
477 1000
476 1000
475 1000
474 1000
473 1000
472 1000
471 1000
470 1000
469 1000
468 1000
467 1000
466 1000
465 1000
464 1000
463 1000
462 1000
461 1000
460 1000
459 1000
458 1000
457 1000
456 1000
455 1000
454 1000
453 1000
452 1000
451 1000
450 1000
449 1000
448 1000
447 1000
446 1000
445 1000
444 1000
443 1000
442 1000
441 1000
440 1000
439 1000
438 1000
437 1000
436 1000
435 1000
434 1000
433 1000
432 1000
431 1000
430 1000
429 1000
428 1000
427 1000
426 1000
425 1000
424 1000
423 1000
422 1000
421 1000
420 1000
419 1000
418 1000
417 1000
416 1000
415 1000
414 1000
413 1000
412 1000
411 1000
410 1000
409 1000
408 1000
407 1000
406 1000
405 1000
404 1000
403 1000
402 1000
401 1000
400 1000
399 1000
398 1000
397 1000
396 1000
395 1000
394 1000
393 1000
392 1000
391 1000
390 1000
389 1000
388 1000
387 1000
386 1000
385 1000
384 1000
383 1000
382 1000
381 1000
380 1000
379 1000
378 1000
377 1000
376 1000
375 1000
374 1000
373 1000
372 1000
371 1000
370 1000
369 1000
368 1000
367 1000
366 1000
365 1000
364 1000
363 1000
362 1000
361 1000
360 1000
359 1000
358 1000
357 1000
356 1000
355 1000
354 1000
353 1000
352 1000
351 1000
350 1000
349 1000
348 1000
347 1000
346 1000
345 1000
344 1000
343 1000
342 1000
341 1000
340 1000
339 1000
338 1000
337 1000
336 1000
335 1000
334 1000
333 1000
332 1000
331 1000
330 1000
329 1000
328 1000
327 1000
326 1000
325 1000
324 1000
323 1000
322 1000
321 1000
320 1000
319 1000
318 1000
317 1000
316 1000
315 1000
314 1000
313 1000
312 1000
311 1000
310 1000
309 1000
308 1000
307 1000
306 1000
305 1000
304 1000
303 1000
302 1000
301 1000
300 1000
299 1000
298 1000
297 1000
296 1000
295 1000
294 1000
293 1000
292 1000
291 1000
290 1000
289 1000
288 1000
287 1000
286 1000
285 1000
284 1000
283 1000
282 1000
281 1000
280 1000
279 1000
278 1000
277 1000
276 1000
275 1000
274 1000
273 1000
272 1000
271 1000
270 1000
269 1000
268 1000
267 1000
266 1000
265 1000
264 1000
263 1000
262 1000
261 1000
260 1000
259 1000
258 1000
257 1000
256 1000
255 1000
254 1000
253 1000
252 1000
251 1000
250 1000
249 1000
248 1000
247 1000
246 1000
245 1000
244 1000
243 1000
242 1000
241 1000
240 1000
239 1000
238 1000
237 1000
236 1000
235 1000
234 1000
233 1000
232 1000
231 1000
230 1000
229 1000
228 1000
227 1000
226 1000
225 1000
224 1000
223 1000
222 1000
221 1000
220 1000
219 1000
218 1000
217 1000
216 1000
215 1000
214 1000
213 1000
212 1000
211 1000
210 1000
209 1000
208 1000
207 1000
206 1000
205 1000
204 1000
203 1000
202 1000
201 1000
200 1000
199 1000
198 1000
197 1000
196 1000
195 1000
194 1000
193 1000
192 1000
191 1000
190 1000
189 1000
188 1000
187 1000
186 1000
185 1000
184 1000
183 1000
182 1000
181 1000
180 1000
179 1000
178 1000
177 1000
176 1000
175 1000
174 1000
173 1000
172 1000
171 1000
170 1000
169 1000
168 1000
167 1000
166 1000
165 1000
164 1000
163 1000
162 1000
161 1000
160 1000
159 1000
158 1000
157 1000
156 1000
155 1000
154 1000
153 1000
152 1000
151 1000
150 1000
149 1000
148 1000
147 1000
146 1000
145 1000
144 1000
143 1000
142 1000
141 1000
140 1000
139 1000
138 1000
137 1000
136 1000
135 1000
134 1000
133 1000
132 1000
131 1000
130 1000
129 1000
128 1000
127 1000
126 1000
125 1000
124 1000
123 1000
122 1000
121 1000
120 1000
119 1000
118 1000
117 1000
116 1000
115 1000
114 1000
113 1000
112 1000
111 1000
110 1000
109 1000
108 1000
107 1000
106 1000
105 1000
104 1000
103 1000
102 1000
101 1000
100 1000
99 1000
98 1000
97 1000
96 1000
95 1000
94 1000
93 1000
92 1000
91 1000
90 1000
89 1000
88 1000
87 1000
86 1000
85 1000
84 1000
83 1000
82 1000
81 1000
80 1000
79 1000
78 1000
77 1000
76 1000
75 1000
74 1000
73 1000
72 1000
71 1000
70 1000
69 1000
68 1000
67 1000
66 1000
65 1000
64 1000
63 1000
62 1000
61 1000
60 1000
59 1000
58 1000
57 1000
56 1000
55 1000
54 1000
53 1000
52 1000
51 1000
50 1000
49 1000
48 1000
47 1000
46 1000
45 1000
44 1000
43 1000
42 1000
41 1000
40 1000
39 1000
38 1000
37 1000
36 1000
35 1000
34 1000
33 1000
32 1000
31 1000
30 1000
29 1000
28 1000
27 1000
26 1000
25 1000
24 1000
23 1000
22 1000
21 1000
20 1000
19 1000
18 1000
17 1000
16 1000
15 1000
14 1000
13 1000
12 1000
11 1000
10 1000
9 1000
8 1000
7 1000
6 1000
5 1000
4 1000
3 1000
2 1000
1 1000
0 1000
1000 1000
1000 1000
1000 1000
1000 1000
1000 1000
1000 1000
1000 1000
1000 1000
1000 1000
1000 1000
1000 1000
1000 1000
1000 1000
1000 1000
1000 1000
1000 1000
1000 1000
1000 1000
1000 1000
1000 1000
1000 1000
1000 1000
1000 1000
1000 1000
1000 1000
1000 1000
1000 1000
1000 1000
1000 1000
1000 1000
1000 1000
1000 1000
1000 1000
1000 1000
1000 1000
1000 1000
1000 1000
1000 1000
1000 1000
1000 1000
1000 1000
1000 1000
1000 1000
1000 1000
1000 1000
1000 1000
1000 1000
1000 1000
1000 1000
1000 1000
1000 1000
1000 1000
1000 1000
1000 1000
1000 1000
1000 1000
1000 1000
1000 1000
1000 1000
1000 1000
1000 1000
1000 1000
1000 1000
1000 1000
1000 1000
1000 1000
1000 1000
1000 1000
1000 1000
1000 1000
1000 1000
1000 1000
1000 1000
1000 1000
1000 1000
1000 1000
1000 1000
1000 1000
1000 1000
1000 1000
1000 1000
1000 1000
1000 1000
1000 1000
1000 1000
1000 1000
1000 1000
1000 1000
1000 1000
1000 1000
1000 1000
1000 1000
1000 1000
1000 1000
1000 1000
1000 1000
1000 1000
1000 1000
1000 1000
1000 1000
1000 1000
1000 1000
1000 1000
1000 1000
1000 1000
1000 1000
1000 1000
1000 1000
1000 1000
1000 1000
1000 1000
1000 1000
1000 1000
1000 1000
1000 1000
1000 1000
1000 1000
1000 1000
1000 1000
1000 1000
1000 1000
1000 1000
1000 1000
1000 1000
1000 1000
1000 1000
1000 1000
1000 1000
1000 1000
1000 1000
1000 1000
1000 1000
1000 1000
1000 1000
1000 1000
1000 1000
1000 1000
1000 1000
1000 1000
1000 1000
1000 1000
1000 1000
1000 1000
1000 1000
1000 1000
1000 1000
1000 1000
1000 1000
1000 1000
1000 1000
1000 1000
1000 1000
1000 1000
1000 1000
1000 1000
1000 1000
1000 1000
1000 1000
1000 1000
1000 1000
1000 1000
1000 1000
1000 1000
1000 1000
1000 1000
1000 1000
1000 1000
1000 1000
1000 1000
1000 1000
1000 1000
1000 1000
1000 1000
1000 1000
1000 1000
1000 1000
1000 1000
1000 1000
1000 1000
1000 1000
1000 1000
1000 1000
1000 1000
1000 1000
1000 1000
1000 1000
1000 1000
1000 1000
1000 1000
1000 1000
1000 1000
1000 1000
1000 1000
1000 1000
1000 1000
1000 1000
1000 1000
1000 1000
1000 1000
1000 1000
1000 1000
1000 1000
1000 1000
1000 1000
1000 1000
1000 1000
1000 1000
1000 1000
1000 1000
1000 1000
1000 1000
1000 1000
1000 1000
1000 1000
1000 1000
1000 1000
1000 1000
1000 1000
1000 1000
1000 1000
1000 1000
1000 1000
1000 1000
1000 1000
1000 1000
1000 1000
1000 1000
1000 1000
1000 1000
1000 1000
1000 1000
1000 1000
1000 1000
1000 1000
1000 1000
1000 1000
1000 1000
1000 1000
1000 1000
1000 1000
1000 1000
1000 1000
1000 1000
1000 1000
1000 1000
1000 1000
1000 1000
1000 1000
1000 1000
1000 1000
