2728 1535
2727 1534
2726 1533
2725 1532
2724 1531
2723 1530
2722 1529
2721 1528
2720 1527
2719 1526
2718 1525
2717 1524
2716 1523
2715 1522
2714 1521
2713 1520
2712 1519
2711 1518
2710 1517
2709 1516
2708 1515
2707 1514
2706 1513
2705 1512
2704 1511
2703 1510
2702 1509
2701 1508
2700 1507
2699 1506
2698 1505
2697 1504
2696 1503
2695 1502
2694 1501
2693 1500
2692 1499
2691 1498
2690 1497
2689 1496
2688 1495
2687 1494
2686 1493
2685 1492
2684 1491
2683 1490
2682 1489
2681 1488
2680 1487
2679 1486
2678 1485
2677 1484
2676 1483
2675 1482
2674 1481
2673 1480
2672 1479
2671 1478
2670 1477
2669 1476
2668 1475
2667 1474
2666 1473
2665 1472
2664 1471
2663 1470
2662 1469
2661 1468
2660 1467
2659 1466
2658 1465
2657 1464
2656 1463
2655 1462
2654 1461
2653 1460
2652 1459
2651 1458
2650 1457
2649 1456
2648 1455
2647 1454
2646 1453
2645 1452
2644 1451
2643 1450
2642 1449
2641 1448
2640 1447
2639 1446
2638 1445
2637 1444
2636 1443
2635 1442
2634 1441
2633 1440
2632 1439
2631 1438
2630 1437
2629 1436
2628 1435
2627 1434
2626 1433
2625 1432
2624 1431
2623 1430
2622 1429
2621 1428
2620 1427
2619 1426
2618 1425
2617 1424
2616 1423
2615 1422
2614 1421
2613 1420
2612 1419
2611 1418
2610 1417
2609 1416
2608 1415
2607 1414
2606 1413
2605 1412
2604 1411
2603 1410
2602 1409
2601 1408
2600 1407
2599 1406
2598 1405
2597 1404
2596 1403
2595 1402
2594 1401
2593 1400
2592 1399
2591 1398
2590 1397
2589 1396
2588 1395
2587 1394
2586 1393
2585 1392
2584 1391
2583 1390
2582 1389
2581 1388
2580 1387
2579 1386
2578 1385
2577 1384
2576 1383
2575 1382
2574 1381
2573 1380
2572 1379
2571 1378
2570 1377
2569 1376
2568 1375
2567 1374
2566 1373
2565 1372
2564 1371
2563 1370
2562 1369
2561 1368
2560 1367
2559 1366
2558 1365
2557 1364
2556 1363
2555 1362
2554 1361
2553 1360
2552 1359
2551 1358
2550 1357
2549 1356
2548 1355
2547 1354
2546 1353
2545 1352
2544 1351
2543 1350
2542 1349
2541 1348
2540 1347
2539 1346
2538 1345
2537 1344
2536 1343
2535 1342
2534 1341
2533 1340
2532 1339
2531 1338
2530 1337
2529 1336
2528 1335
2527 1334
2526 1333
2525 1332
2524 1331
2523 1330
2522 1329
2521 1328
2520 1327
2519 1326
2518 1325
2517 1324
2516 1323
2515 1322
2514 1321
2513 1320
2512 1319
2511 1318
2510 1317
2509 1316
2508 1315
2507 1314
2506 1313
2505 1312
2504 1311
2503 1310
2502 1309
2501 1308
2500 1307
2499 1306
2498 1305
2497 1304
2496 1303
2495 1302
2494 1301
2493 1300
2492 1299
2491 1298
2490 1297
2489 1296
2488 1295
2487 1294
2486 1293
2485 1292
2484 1291
2483 1290
2482 1289
2481 1288
2480 1287
2479 1286
2478 1285
2477 1284
2476 1283
2475 1282
2474 1281
2473 1280
2472 1279
2471 1278
2470 1277
2469 1276
2468 1275
2467 1274
2466 1273
2465 1272
2464 1271
2463 1270
2462 1269
2461 1268
2460 1267
2459 1266
2458 1265
2457 1264
2456 1263
2455 1262
2454 1261
2453 1260
2452 1259
2451 1258
2450 1257
2449 1256
2448 1255
2447 1254
2446 1253
2445 1252
2444 1251
2443 1250
2442 1249
2441 1248
2440 1247
2439 1246
2438 1245
2437 1244
2436 1243
2435 1242
2434 1241
2433 1240
2432 1239
2431 1238
2430 1237
2429 1236
2428 1235
2427 1234
2426 1233
2425 1232
2424 1231
2423 1230
2422 1229
2421 1228
2420 1227
2419 1226
2418 1225
2417 1224
2416 1223
2415 1222
2414 1221
2413 1220
2412 1219
2411 1218
2410 1217
2409 1216
2408 1215
2407 1214
2406 1213
2405 1212
2404 1211
2403 1210
2402 1209
2401 1208
2400 1207
2399 1206
2398 1205
2397 1204
2396 1203
2395 1202
2394 1201
2393 1200
2392 1199
2391 1198
2390 1197
2389 1196
2388 1195
2387 1194
2386 1193
2385 1192
2384 1191
2383 1190
2382 1189
2381 1188
2380 1187
2379 1186
2378 1185
2377 1184
2376 1183
2375 1182
2374 1181
2373 1180
2372 1179
2371 1178
2370 1177
2369 1176
2368 1175
2367 1174
2366 1173
2365 1172
2364 1171
2363 1170
2362 1169
2361 1168
2360 1167
2359 1166
2358 1165
2357 1164
2356 1163
2355 1162
2354 1161
2353 1160
2352 1159
2351 1158
2350 1157
2349 1156
2348 1155
2347 1154
2346 1153
2345 1152
2344 1151
2343 1150
2342 1149
2341 1148
2340 1147
2339 1146
2338 1145
2337 1144
2336 1143
2335 1142
2334 1141
2333 1140
2332 1139
2331 1138
2330 1137
2329 1136
2328 1135
2327 1134
2326 1133
2325 1132
2324 1131
2323 1130
2322 1129
2321 1128
2320 1127
2319 1126
2318 1125
2317 1124
2316 1123
2315 1122
2314 1121
2313 1120
2312 1119
2311 1118
2310 1117
2309 1116
2308 1115
2307 1114
2306 1113
2305 1112
2304 1111
2303 1110
2302 1109
2301 1108
2300 1107
2299 1106
2298 1105
2297 1104
2296 1103
2295 1102
2294 1101
2293 1100
2292 1099
2291 1098
2290 1097
2289 1096
2288 1095
2287 1094
2286 1093
2285 1092
2284 1091
2283 1090
2282 1089
2281 1088
2280 1087
2279 1086
2278 1085
2277 1084
2276 1083
2275 1082
2274 1081
2273 1080
2272 1079
2271 1078
2270 1077
2269 1076
2268 1075
2267 1074
2266 1073
2265 1072
2264 1071
2263 1070
2262 1069
2261 1068
2260 1067
2259 1066
2258 1065
2257 1064
2256 1063
2255 1062
2254 1061
2253 1060
2252 1059
2251 1058
2250 1057
2249 1056
2248 1055
2247 1054
2246 1053
2245 1052
2244 1051
2243 1050
2242 1049
2241 1048
2240 1047
2239 1046
2238 1045
2237 1044
2236 1043
2235 1042
2234 1041
2233 1040
2232 1039
2231 1038
2230 1037
2229 1036
2228 1035
2227 1034
2226 1033
2225 1032
2224 1031
2223 1030
2222 1029
2221 1028
2220 1027
2219 1026
2218 1025
2217 1024
2216 1023
2215 1022
2214 1021
2213 1020
2212 1019
2211 1018
2210 1017
2209 1016
2208 1015
2207 1014
2206 1013
2205 1012
2204 1011
2203 1010
2202 1009
2201 1008
2200 1007
2199 1006
2198 1005
2197 1004
2196 1003
2195 1002
2194 1001
2193 1000
2192 999
2191 998
2190 997
2189 996
2188 995
2187 994
2186 993
2185 992
2184 991
2183 990
2182 989
2181 988
2180 987
2179 986
2178 985
2177 984
2176 983
2175 982
2174 981
2173 980
2172 979
2171 978
2170 977
2169 976
2168 975
2167 974
2166 973
2165 972
2164 971
2163 970
2162 969
2161 968
2160 967
2159 966
2158 965
2157 964
2156 963
2155 962
2154 961
2153 960
2152 959
2151 958
2150 957
2149 956
2148 955
2147 954
2146 953
2145 952
2144 951
2143 950
2142 949
2141 948
2140 947
2139 946
2138 945
2137 944
2136 943
2135 942
2134 941
2133 940
2132 939
2131 938
2130 937
2129 936
2128 935
2127 934
2126 933
2125 932
2124 931
2123 930
2122 929
2121 928
2120 927
2119 926
2118 925
2117 924
2116 923
2115 922
2114 921
2113 920
2112 919
2111 918
2110 917
2109 916
2108 915
2107 914
2106 913
2105 912
2104 911
2103 910
2102 909
2101 908
2100 907
2099 906
2098 905
2097 904
2096 903
2095 902
2094 901
2093 900
2092 899
2091 898
2090 897
2089 896
2088 895
2087 894
2086 893
2085 892
2084 891
2083 890
2082 889
2081 888
2080 887
2079 886
2078 885
2077 884
2076 883
2075 882
2074 881
2073 880
2072 879
2071 878
2070 877
2069 876
2068 875
2067 874
2066 873
2065 872
2064 871
2063 870
2062 869
2061 868
2060 867
2059 866
2058 865
2057 864
2056 863
2055 862
2054 861
2053 860
2052 859
2051 858
2050 857
2049 856
2048 855
2047 854
2046 853
2045 852
2044 851
2043 850
2042 849
2041 848
2040 847
2039 846
2038 845
2037 844
2036 843
2035 842
2034 841
2033 840
2032 839
2031 838
2030 837
2029 836
2028 835
2027 834
2026 833
2025 832
2024 831
2023 830
2022 829
2021 828
2020 827
2019 826
2018 825
2017 824
2016 823
2015 822
2014 821
2013 820
2012 819
2011 818
2010 817
2009 816
2008 815
2007 814
2006 813
2005 812
2004 811
2003 810
2002 809
2001 808
2000 807
1999 806
1998 805
1997 804
1996 803
1995 802
1994 801
1993 800
1992 799
1991 798
1990 797
1989 796
1988 795
1987 794
1986 793
1985 792
1984 791
1983 790
1982 789
1981 788
1980 787
1979 786
1978 785
1977 784
1976 783
1975 782
1974 781
1973 780
1972 779
1971 778
1970 777
1969 776
1968 775
1967 774
1966 773
1965 772
1964 771
1963 770
1962 769
1961 768
1960 767
1959 766
1958 765
1957 764
1956 763
1955 762
1954 761
1953 760
1952 759
1951 758
1950 757
1949 756
1948 755
1947 754
1946 753
1945 752
1944 751
1943 750
1942 749
1941 748
1940 747
1939 746
1938 745
1937 744
1936 743
1935 742
1934 741
1933 740
1932 739
1931 738
1930 737
1929 736
1928 735
1927 734
1926 733
1925 732
1924 731
1923 730
1922 729
1921 728
1920 727
1919 726
1918 725
1917 724
1916 723
1915 722
1914 721
1913 720
1912 719
1911 718
1910 717
1909 716
1908 715
1907 714
1906 713
1905 712
1904 711
1903 710
1902 709
1901 708
1900 707
1899 706
1898 705
1897 704
1896 703
1895 702
1894 701
1893 700
1892 699
1891 698
1890 697
1889 696
1888 695
1887 694
1886 693
1885 692
1884 691
1883 690
1882 689
1881 688
1880 687
1879 686
1878 685
1877 684
1876 683
1875 682
1874 681
1873 680
1872 679
1871 678
1870 677
1869 676
1868 675
1867 674
1866 673
1865 672
1864 671
1863 670
1862 669
1861 668
1860 667
1859 666
1858 665
1857 664
1856 663
1855 662
1854 661
1853 660
1852 659
1851 658
1850 657
1849 656
1848 655
1847 654
1846 653
1845 652
1844 651
1843 650
1842 649
1841 648
1840 647
1839 646
1838 645
1837 644
1836 643
1835 642
1834 641
1833 640
1832 639
1831 638
1830 637
1829 636
1828 635
1827 634
1826 633
1825 632
1824 631
1823 630
1822 629
1821 628
1820 627
1819 626
1818 625
1817 624
1816 623
1815 622
1814 621
1813 620
1812 619
1811 618
1810 617
1809 616
1808 615
1807 614
1806 613
1805 612
1804 611
1803 610
1802 609
1801 608
1800 607
1799 606
1798 605
1797 604
1796 603
1795 602
1794 601
1793 600
1792 599
1791 598
1790 597
1789 596
1788 595
1787 594
1786 593
1785 592
1784 591
1783 590
1782 589
1781 588
1780 587
1779 586
1778 585
1777 584
1776 583
1775 582
1774 581
1773 580
1772 579
1771 578
1770 577
1769 576
1768 575
1767 574
1766 573
1765 572
1764 571
1763 570
1762 569
1761 568
1760 567
1759 566
1758 565
1757 564
1756 563
1755 562
1754 561
1753 560
1752 559
1751 558
1750 557
1749 556
1748 555
1747 554
1746 553
1745 552
1744 551
1743 550
1742 549
1741 548
1740 547
1739 546
1738 545
1737 544
1736 543
1735 542
1734 541
1733 540
1732 539
1731 538
1730 537
1729 536
1728 535
1727 534
1726 533
1725 532
1724 531
1723 530
1722 529
1721 528
1720 527
1719 526
1718 525
1717 524
1716 523
1715 522
1714 521
1713 520
1712 519
1711 518
1710 517
1709 516
1708 515
1707 514
1706 513
1705 512
1704 511
1703 510
1702 509
1701 508
1700 507
1699 506
1698 505
1697 504
1696 503
1695 502
1694 501
1693 500
1692 499
1691 498
1690 497
1689 496
1688 495
1687 494
1686 493
1685 492
1684 491
1683 490
1682 489
1681 488
1680 487
1679 486
1678 485
1677 484
1676 483
1675 482
1674 481
1673 480
1672 479
1671 478
1670 477
1669 476
1668 475
1667 474
1666 473
1665 472
1664 471
1663 470
1662 469
1661 468
1660 467
1659 466
1658 465
1657 464
1656 463
1655 462
1654 461
1653 460
1652 459
1651 458
1650 457
1649 456
1648 455
1647 454
1646 453
1645 452
1644 451
1643 450
1642 449
1641 448
1640 447
1639 446
1638 445
1637 444
1636 443
1635 442
1634 441
1633 440
1632 439
1631 438
1630 437
1629 436
1628 435
1627 434
1626 433
1625 432
1624 431
1623 430
1622 429
1621 428
1620 427
1619 426
1618 425
1617 424
1616 423
1615 422
1614 421
1613 420
1612 419
1611 418
1610 417
1609 416
1608 415
1607 414
1606 413
1605 412
1604 411
1603 410
1602 409
1601 408
1600 407
1599 406
1598 405
1597 404
1596 403
1595 402
1594 401
1593 400
1592 399
1591 398
1590 397
1589 396
1588 395
1587 394
1586 393
1585 392
1584 391
1583 390
1582 389
1581 388
1580 387
1579 386
1578 385
1577 384
1576 383
1575 382
1574 381
1573 380
1572 379
1571 378
1570 377
1569 376
1568 375
1567 374
1566 373
1565 372
1564 371
1563 370
1562 369
1561 368
1560 367
1559 366
1558 365
1557 364
1556 363
1555 362
1554 361
1553 360
1552 359
1551 358
1550 357
1549 356
1548 355
1547 354
1546 353
1545 352
1544 351
1543 350
1542 349
1541 348
1540 347
1539 346
1538 345
1537 344
1536 343
1535 342
1534 341
1533 340
1532 339
1531 338
1530 337
1529 336
1528 335
1527 334
1526 333
1525 332
1524 331
1523 330
1522 329
1521 328
1520 327
1519 326
1518 325
1517 324
1516 323
1515 322
1514 321
1513 320
1512 319
1511 318
1510 317
1509 316
1508 315
1507 314
1506 313
1505 312
1504 311
1503 310
1502 309
1501 308
1500 307
1499 306
1498 305
1497 304
1496 303
1495 302
1494 301
1493 300
1492 299
1491 298
1490 297
1489 296
1488 295
1487 294
1486 293
1485 292
1484 291
1483 290
1482 289
1481 288
1480 287
1479 286
1478 285
1477 284
1476 283
1475 282
1474 281
1473 280
1472 279
1471 278
1470 277
1469 276
1468 275
1467 274
1466 273
1465 272
1464 271
1463 270
1462 269
1461 268
1460 267
1459 266
1458 265
1457 264
1456 263
1455 262
1454 261
1453 260
1452 259
1451 258
1450 257
1449 256
1448 255
1447 254
1446 253
1445 252
1444 251
1443 250
1442 249
1441 248
1440 247
1439 246
1438 245
1437 244
1436 243
1435 242
1434 241
1433 240
1432 239
1431 238
1430 237
1429 236
1428 235
1427 234
1426 233
1425 232
1424 231
1423 230
1422 229
1421 228
1420 227
1419 226
1418 225
1417 224
1416 223
1415 222
1414 221
1413 220
1412 219
1411 218
1410 217
1409 216
1408 215
1407 214
1406 213
1405 212
1404 211
1403 210
1402 209
1401 208
1400 207
1399 206
1398 205
1397 204
1396 203
1395 202
1394 201
1393 200
1392 199
1391 198
1390 197
1389 196
1388 195
1387 194
1386 193
1385 192
1384 191
1383 190
1382 189
1381 188
1380 187
1379 186
1378 185
1377 184
1376 183
1375 182
1374 181
1373 180
1372 179
1371 178
1370 177
1369 176
1368 175
1367 174
1366 173
1365 172
1364 171
1363 170
1362 169
1361 168
1360 167
1359 166
1358 165
1357 164
1356 163
1355 162
1354 161
1353 160
1352 159
1351 158
1350 157
1349 156
1348 155
1347 154
1346 153
1345 152
1344 151
1343 150
1342 149
1341 148
1340 147
1339 146
1338 145
1337 144
1336 143
1335 142
1334 141
1333 140
1332 139
1331 138
1330 137
1329 136
1328 135
1327 134
1326 133
1325 132
1324 131
1323 130
1322 129
1321 128
1320 127
1319 126
1318 125
1317 124
1316 123
1315 122
1314 121
1313 120
1312 119
1311 118
1310 117
1309 116
1308 115
1307 114
1306 113
1305 112
1304 111
1303 110
1302 109
1301 108
1300 107
1299 106
1298 105
1297 104
1296 103
1295 102
1294 101
1293 100
1292 99
1291 98
1290 97
1289 96
1288 95
1287 94
1286 93
1285 92
1284 91
1283 90
1282 89
1281 88
1280 87
1279 86
1278 85
1277 84
1276 83
1275 82
1274 81
1273 80
1272 79
1271 78
1270 77
1269 76
1268 75
1267 74
1266 73
1265 72
1264 71
1263 70
1262 69
1261 68
1260 67
1259 66
1258 65
1257 64
1256 63
1255 62
1254 61
1253 60
1252 59
1251 58
1250 57
1249 56
1248 55
1247 54
1246 53
1245 52
1244 51
1243 50
1242 49
1241 48
1240 47
1239 46
1238 45
1237 44
1236 43
1235 42
1234 41
1233 40
1232 39
1231 38
1230 37
1229 36
1228 35
1227 34
1226 33
1225 32
1224 31
1223 30
1222 29
1221 28
1220 27
1219 26
1218 25
1217 24
1216 23
1215 22
1214 21
1213 20
1212 19
1211 18
1210 17
1209 16
1208 15
1207 14
1206 13
1205 12
1204 11
1203 10
1202 9
1201 8
1200 7
1199 6
1198 5
1197 4
1196 3
1195 2
1194 1
1193 0
1192 1000
1191 1000
1190 1000
1189 1000
1188 1000
1187 1000
1186 1000
1185 1000
1184 1000
1183 1000
1182 1000
1181 1000
1180 1000
1179 1000
1178 1000
1177 1000
1176 1000
1175 1000
1174 1000
1173 1000
1172 1000
1171 1000
1170 1000
1169 1000
1168 1000
1167 1000
1166 1000
1165 1000
1164 1000
1163 1000
1162 1000
1161 1000
1160 1000
1159 1000
1158 1000
1157 1000
1156 1000
1155 1000
1154 1000
1153 1000
1152 1000
1151 1000
1150 1000
1149 1000
1148 1000
1147 1000
1146 1000
1145 1000
1144 1000
1143 1000
1142 1000
1141 1000
1140 1000
1139 1000
1138 1000
1137 1000
1136 1000
1135 1000
1134 1000
1133 1000
1132 1000
1131 1000
1130 1000
1129 1000
1128 1000
1127 1000
1126 1000
1125 1000
1124 1000
1123 1000
1122 1000
1121 1000
1120 1000
1119 1000
1118 1000
1117 1000
1116 1000
1115 1000
1114 1000
1113 1000
1112 1000
1111 1000
1110 1000
1109 1000
1108 1000
1107 1000
1106 1000
1105 1000
1104 1000
1103 1000
1102 1000
1101 1000
1100 1000
1099 1000
1098 1000
1097 1000
1096 1000
1095 1000
1094 1000
1093 1000
1092 1000
1091 1000
1090 1000
1089 1000
1088 1000
1087 1000
1086 1000
1085 1000
1084 1000
1083 1000
1082 1000
1081 1000
1080 1000
1079 1000
1078 1000
1077 1000
1076 1000
1075 1000
1074 1000
1073 1000
1072 1000
1071 1000
1070 1000
1069 1000
1068 1000
1067 1000
1066 1000
1065 1000
1064 1000
1063 1000
1062 1000
1061 1000
1060 1000
1059 1000
1058 1000
1057 1000
1056 1000
1055 1000
1054 1000
1053 1000
1052 1000
1051 1000
1050 1000
1049 1000
1048 1000
1047 1000
1046 1000
1045 1000
1044 1000
1043 1000
1042 1000
1041 1000
1040 1000
1039 1000
1038 1000
1037 1000
1036 1000
1035 1000
1034 1000
1033 1000
1032 1000
1031 1000
1030 1000
1029 1000
1028 1000
1027 1000
1026 1000
1025 1000
1024 1000
1023 1000
1022 1000
1021 1000
1020 1000
1019 1000
1018 1000
1017 1000
1016 1000
1015 1000
1014 1000
1013 1000
1012 1000
1011 1000
1010 1000
1009 1000
1008 1000
1007 1000
1006 1000
1005 1000
1004 1000
1003 1000
1002 1000
1001 1000
1000 1000
999 1000
998 1000
997 1000
996 1000
995 1000
994 1000
993 1000
992 1000
991 1000
990 1000
989 1000
988 1000
987 1000
986 1000
985 1000
984 1000
983 1000
982 1000
981 1000
980 1000
979 1000
978 1000
977 1000
976 1000
975 1000
974 1000
973 1000
972 1000
971 1000
970 1000
969 1000
968 1000
967 1000
966 1000
965 1000
964 1000
963 1000
962 1000
961 1000
960 1000
959 1000
958 1000
957 1000
956 1000
955 1000
954 1000
953 1000
952 1000
951 1000
950 1000
949 1000
948 1000
947 1000
946 1000
945 1000
944 1000
943 1000
942 1000
941 1000
940 1000
939 1000
938 1000
937 1000
936 1000
935 1000
934 1000
933 1000
932 1000
931 1000
930 1000
929 1000
928 1000
927 1000
926 1000
925 1000
924 1000
923 1000
922 1000
921 1000
920 1000
919 1000
918 1000
917 1000
916 1000
915 1000
914 1000
913 1000
912 1000
911 1000
910 1000
909 1000
908 1000
907 1000
906 1000
905 1000
904 1000
903 1000
902 1000
901 1000
900 1000
899 1000
898 1000
897 1000
896 1000
895 1000
894 1000
893 1000
892 1000
891 1000
890 1000
889 1000
888 1000
887 1000
886 1000
885 1000
884 1000
883 1000
882 1000
881 1000
880 1000
879 1000
878 1000
877 1000
876 1000
875 1000
874 1000
873 1000
872 1000
871 1000
870 1000
869 1000
868 1000
867 1000
866 1000
865 1000
864 1000
863 1000
862 1000
861 1000
860 1000
859 1000
858 1000
857 1000
856 1000
855 1000
854 1000
853 1000
852 1000
851 1000
850 1000
849 1000
848 1000
847 1000
846 1000
845 1000
844 1000
843 1000
842 1000
841 1000
840 1000
839 1000
838 1000
837 1000
836 1000
835 1000
834 1000
833 1000
832 1000
831 1000
830 1000
829 1000
828 1000
827 1000
826 1000
825 1000
824 1000
823 1000
822 1000
821 1000
820 1000
819 1000
818 1000
817 1000
816 1000
815 1000
814 1000
813 1000
812 1000
811 1000
810 1000
809 1000
808 1000
807 1000
806 1000
805 1000
804 1000
803 1000
802 1000
801 1000
800 1000
799 1000
798 1000
797 1000
796 1000
795 1000
794 1000
793 1000
792 1000
791 1000
790 1000
789 1000
788 1000
787 1000
786 1000
785 1000
784 1000
783 1000
782 1000
781 1000
780 1000
779 1000
778 1000
777 1000
776 1000
775 1000
774 1000
773 1000
772 1000
771 1000
770 1000
769 1000
768 1000
767 1000
766 1000
765 1000
764 1000
763 1000
762 1000
761 1000
760 1000
759 1000
758 1000
757 1000
756 1000
755 1000
754 1000
753 1000
752 1000
751 1000
750 1000
749 1000
748 1000
747 1000
746 1000
745 1000
744 1000
743 1000
742 1000
741 1000
740 1000
739 1000
738 1000
737 1000
736 1000
735 1000
734 1000
733 1000
732 1000
731 1000
730 1000
729 1000
728 1000
727 1000
726 1000
725 1000
724 1000
723 1000
722 1000
721 1000
720 1000
719 1000
718 1000
717 1000
716 1000
715 1000
714 1000
713 1000
712 1000
711 1000
710 1000
709 1000
708 1000
707 1000
706 1000
705 1000
704 1000
703 1000
702 1000
701 1000
700 1000
699 1000
698 1000
697 1000
696 1000
695 1000
694 1000
693 1000
692 1000
691 1000
690 1000
689 1000
688 1000
687 1000
686 1000
685 1000
684 1000
683 1000
682 1000
681 1000
680 1000
679 1000
678 1000
677 1000
676 1000
675 1000
674 1000
673 1000
672 1000
671 1000
670 1000
669 1000
668 1000
667 1000
666 1000
665 1000
664 1000
663 1000
662 1000
661 1000
660 1000
659 1000
658 1000
657 1000
656 1000
655 1000
654 1000
653 1000
652 1000
651 1000
650 1000
649 1000
648 1000
647 1000
646 1000
645 1000
644 1000
643 1000
642 1000
641 1000
640 1000
639 1000
638 1000
637 1000
636 1000
635 1000
634 1000
633 1000
632 1000
631 1000
630 1000
629 1000
628 1000
627 1000
626 1000
625 1000
624 1000
623 1000
622 1000
621 1000
620 1000
619 1000
618 1000
617 1000
616 1000
615 1000
614 1000
613 1000
612 1000
611 1000
610 1000
609 1000
608 1000
607 1000
606 1000
605 1000
604 1000
603 1000
602 1000
601 1000
600 1000
599 1000
598 1000
597 1000
596 1000
595 1000
594 1000
593 1000
592 1000
591 1000
590 1000
589 1000
588 1000
587 1000
586 1000
585 1000
584 1000
583 1000
582 1000
581 1000
580 1000
579 1000
578 1000
577 1000
576 1000
575 1000
574 1000
573 1000
572 1000
571 1000
570 1000
569 1000
568 1000
567 1000
566 1000
565 1000
564 1000
563 1000
562 1000
561 1000
560 1000
559 1000
558 1000
557 1000
556 1000
555 1000
554 1000
553 1000
552 1000
551 1000
550 1000
549 1000
548 1000
547 1000
546 1000
545 1000
544 1000
543 1000
542 1000
541 1000
540 1000
539 1000
538 1000
537 1000
536 1000
535 1000
534 1000
533 1000
532 1000
531 1000
530 1000
529 1000
528 1000
527 1000
526 1000
525 1000
524 1000
523 1000
522 1000
521 1000
520 1000
519 1000
518 1000
517 1000
516 1000
515 1000
514 1000
513 1000
512 1000
511 1000
510 1000
509 1000
508 1000
507 1000
506 1000
505 1000
504 1000
503 1000
502 1000
501 1000
500 1000
499 1000
498 1000
497 1000
496 1000
495 1000
494 1000
493 1000
492 1000
491 1000
490 1000
489 1000
488 1000
487 1000
486 1000
485 1000
484 1000
483 1000
482 1000
481 1000
480 1000
479 1000
478 1000
477 1000
476 1000
475 1000
474 1000
473 1000
472 1000
471 1000
470 1000
469 1000
468 1000
467 1000
466 1000
465 1000
464 1000
463 1000
462 1000
461 1000
460 1000
459 1000
458 1000
457 1000
456 1000
455 1000
454 1000
453 1000
452 1000
451 1000
450 1000
449 1000
448 1000
447 1000
446 1000
445 1000
444 1000
443 1000
442 1000
441 1000
440 1000
439 1000
438 1000
437 1000
436 1000
435 1000
434 1000
433 1000
432 1000
431 1000
430 1000
429 1000
428 1000
427 1000
426 1000
425 1000
424 1000
423 1000
422 1000
421 1000
420 1000
419 1000
418 1000
417 1000
416 1000
415 1000
414 1000
413 1000
412 1000
411 1000
410 1000
409 1000
408 1000
407 1000
406 1000
405 1000
404 1000
403 1000
402 1000
401 1000
400 1000
399 1000
398 1000
397 1000
396 1000
395 1000
394 1000
393 1000
392 1000
391 1000
390 1000
389 1000
388 1000
387 1000
386 1000
385 1000
384 1000
383 1000
382 1000
381 1000
380 1000
379 1000
378 1000
377 1000
376 1000
375 1000
374 1000
373 1000
372 1000
371 1000
370 1000
369 1000
368 1000
367 1000
366 1000
365 1000
364 1000
363 1000
362 1000
361 1000
360 1000
359 1000
358 1000
357 1000
356 1000
355 1000
354 1000
353 1000
352 1000
351 1000
350 1000
349 1000
348 1000
347 1000
346 1000
345 1000
344 1000
343 1000
342 1000
341 1000
340 1000
339 1000
338 1000
337 1000
336 1000
335 1000
334 1000
333 1000
332 1000
331 1000
330 1000
329 1000
328 1000
327 1000
326 1000
325 1000
324 1000
323 1000
322 1000
321 1000
320 1000
319 1000
318 1000
317 1000
316 1000
315 1000
314 1000
313 1000
312 1000
311 1000
310 1000
309 1000
308 1000
307 1000
306 1000
305 1000
304 1000
303 1000
302 1000
301 1000
300 1000
299 1000
298 1000
297 1000
296 1000
295 1000
294 1000
293 1000
292 1000
291 1000
290 1000
289 1000
288 1000
287 1000
286 1000
285 1000
284 1000
283 1000
282 1000
281 1000
280 1000
279 1000
278 1000
277 1000
276 1000
275 1000
274 1000
273 1000
272 1000
271 1000
270 1000
269 1000
268 1000
267 1000
266 1000
265 1000
264 1000
263 1000
262 1000
261 1000
260 1000
259 1000
258 1000
257 1000
256 1000
255 1000
254 1000
253 1000
252 1000
251 1000
250 1000
249 1000
248 1000
247 1000
246 1000
245 1000
244 1000
243 1000
242 1000
241 1000
240 1000
239 1000
238 1000
237 1000
236 1000
235 1000
234 1000
233 1000
232 1000
231 1000
230 1000
229 1000
228 1000
227 1000
226 1000
225 1000
224 1000
223 1000
222 1000
221 1000
220 1000
219 1000
218 1000
217 1000
216 1000
215 1000
214 1000
213 1000
212 1000
211 1000
210 1000
209 1000
208 1000
207 1000
206 1000
205 1000
204 1000
203 1000
202 1000
201 1000
200 1000
199 1000
198 1000
197 1000
196 1000
195 1000
194 1000
193 1000
192 1000
191 1000
190 1000
189 1000
188 1000
187 1000
186 1000
185 1000
184 1000
183 1000
182 1000
181 1000
180 1000
179 1000
178 1000
177 1000
176 1000
175 1000
174 1000
173 1000
172 1000
171 1000
170 1000
169 1000
168 1000
167 1000
166 1000
165 1000
164 1000
163 1000
162 1000
161 1000
160 1000
159 1000
158 1000
157 1000
156 1000
155 1000
154 1000
153 1000
152 1000
151 1000
150 1000
149 1000
148 1000
147 1000
146 1000
145 1000
144 1000
143 1000
142 1000
141 1000
140 1000
139 1000
138 1000
137 1000
136 1000
135 1000
134 1000
133 1000
132 1000
131 1000
130 1000
129 1000
128 1000
127 1000
126 1000
125 1000
124 1000
123 1000
122 1000
121 1000
120 1000
119 1000
118 1000
117 1000
116 1000
115 1000
114 1000
113 1000
112 1000
111 1000
110 1000
109 1000
108 1000
107 1000
106 1000
105 1000
104 1000
103 1000
102 1000
101 1000
100 1000
99 1000
98 1000
97 1000
96 1000
95 1000
94 1000
93 1000
92 1000
91 1000
90 1000
89 1000
88 1000
87 1000
86 1000
85 1000
84 1000
83 1000
82 1000
81 1000
80 1000
79 1000
78 1000
77 1000
76 1000
75 1000
74 1000
73 1000
72 1000
71 1000
70 1000
69 1000
68 1000
67 1000
66 1000
65 1000
64 1000
63 1000
62 1000
61 1000
60 1000
59 1000
58 1000
57 1000
56 1000
55 1000
54 1000
53 1000
52 1000
51 1000
50 1000
49 1000
48 1000
47 1000
46 1000
45 1000
44 1000
43 1000
42 1000
41 1000
40 1000
39 1000
38 1000
37 1000
36 1000
35 1000
34 1000
33 1000
32 1000
31 1000
30 1000
29 1000
28 1000
27 1000
26 1000
25 1000
24 1000
23 1000
22 1000
21 1000
20 1000
19 1000
18 1000
17 1000
16 1000
15 1000
14 1000
13 1000
12 1000
11 1000
10 1000
9 1000
8 1000
7 1000
6 1000
5 1000
4 1000
3 1000
2 1000
1 1000
0 1000
92 1000
91 1000
90 1000
89 1000
88 1000
87 1000
86 1000
85 1000
84 1000
83 1000
82 1000
81 1000
80 1000
79 1000
78 1000
77 1000
76 1000
75 1000
74 1000
73 1000
72 1000
71 1000
70 1000
69 1000
68 1000
67 1000
66 1000
65 1000
64 1000
63 1000
62 1000
61 1000
60 1000
59 1000
58 1000
57 1000
56 1000
55 1000
54 1000
53 1000
52 1000
51 1000
50 1000
49 1000
48 1000
47 1000
46 1000
45 1000
44 1000
43 1000
42 1000
41 1000
40 1000
39 1000
38 1000
37 1000
36 1000
35 1000
34 1000
33 1000
32 1000
31 1000
30 1000
29 1000
28 1000
27 1000
26 1000
25 1000
24 1000
23 1000
22 1000
21 1000
20 1000
19 1000
18 1000
17 1000
16 1000
15 1000
14 1000
13 1000
12 1000
11 1000
10 1000
9 1000
8 1000
7 1000
6 1000
5 1000
4 1000
3 1000
2 1000
1 1000
0 1000
1000 1000
1000 1000
1000 1000
1000 1000
1000 1000
1000 1000
1000 1000
1000 1000
1000 1000
1000 1000
1000 1000
1000 1000
1000 1000
1000 1000
1000 1000
1000 1000
1000 1000
1000 1000
1000 1000
1000 1000
1000 1000
1000 1000
1000 1000
1000 1000
1000 1000
1000 1000
1000 1000
1000 1000
1000 1000
1000 1000
1000 1000
1000 1000
1000 1000
1000 1000
1000 1000
1000 1000
1000 1000
1000 1000
1000 1000
1000 1000
1000 1000
1000 1000
1000 1000
1000 1000
1000 1000
1000 1000
1000 1000
1000 1000
1000 1000
1000 1000
1000 1000
1000 1000
1000 1000
1000 1000
1000 1000
1000 1000
1000 1000
1000 1000
1000 1000
1000 1000
1000 1000
1000 1000
1000 1000
1000 1000
1000 1000
1000 1000
1000 1000
1000 1000
1000 1000
1000 1000
1000 1000
1000 1000
1000 1000
1000 1000
1000 1000
1000 1000
1000 1000
1000 1000
1000 1000
1000 1000
1000 1000
1000 1000
1000 1000
1000 1000
1000 1000
1000 1000
1000 1000
1000 1000
1000 1000
1000 1000
1000 1000
1000 1000
1000 1000
1000 1000
1000 1000
1000 1000
1000 1000
1000 1000
1000 1000
1000 1000
1000 1000
1000 1000
1000 1000
1000 1000
1000 1000
1000 1000
1000 1000
1000 1000
1000 1000
1000 1000
1000 1000
1000 1000
1000 1000
1000 1000
1000 1000
1000 1000
1000 1000
1000 1000
1000 1000
1000 1000
1000 1000
1000 1000
1000 1000
1000 1000
1000 1000
1000 1000
1000 1000
1000 1000
1000 1000
1000 1000
1000 1000
1000 1000
1000 1000
1000 1000
1000 1000
1000 1000
1000 1000
1000 1000
1000 1000
1000 1000
1000 1000
1000 1000
1000 1000
1000 1000
1000 1000
1000 1000
1000 1000
1000 1000
1000 1000
1000 1000
1000 1000
1000 1000
1000 1000
1000 1000
1000 1000
1000 1000
1000 1000
1000 1000
1000 1000
1000 1000
1000 1000
1000 1000
1000 1000
1000 1000
1000 1000
1000 1000
1000 1000
1000 1000
1000 1000
1000 1000
1000 1000
1000 1000
1000 1000
1000 1000
1000 1000
1000 1000
1000 1000
1000 1000
1000 1000
1000 1000
1000 1000
1000 1000
1000 1000
1000 1000
1000 1000
1000 1000
1000 1000
1000 1000
1000 1000
1000 1000
1000 1000
1000 1000
1000 1000
1000 1000
1000 1000
1000 1000
1000 1000
1000 1000
1000 1000
1000 1000
1000 1000
1000 1000
1000 1000
1000 1000
1000 1000
1000 1000
1000 1000
1000 1000
1000 1000
1000 1000
1000 1000
1000 1000
1000 1000
1000 1000
1000 1000
1000 1000
1000 1000
1000 1000
1000 1000
1000 1000
1000 1000
1000 1000
1000 1000
1000 1000
1000 1000
1000 1000
1000 1000
1000 1000
1000 1000
1000 1000
1000 1000
1000 1000
1000 1000
1000 1000
1000 1000
1000 1000
1000 1000
1000 1000
1000 1000
1000 1000
1000 1000
1000 1000
1000 1000
1000 1000
1000 1000
1000 1000
1000 1000
1000 1000
1000 1000
1000 1000
