0 181 25 0.010200 4.554000 0.000000 1.000000
1 247 22 0.041100 2.993000 0.014300 0.000000
2 212 25 0.015600 5.840000 0.000000 1.000000
3 244 25 0.012500 4.165000 0.000000 1.000000
4 130 27 0.049000 6.549000 0.014400 1.000000
5 116 29 0.072200 7.146000 0.028200 1.000000
6 130 46 0.011700 20.37200 -0.04214 1.000000
7 218 25 0.032200 3.220000 0.009821 1.000000
8 373 31 0.000000 6.699000 0.000000 1.000000
9 268 34 0.049600 13.17400 0.000000 0.000000
10 363 34 0.000000 8.64900 0.000000 1.000000
11 1000000 0 0.00000 0.000 0.000000 1.000000
12 302 25 0.027000 2.68700 0.01138 1.000000
13 232 27 0.030500 6.07600 0.007278 1.000000
14 104 0 0.000000 0.000000 0.000000 0.640000
15 38 0 0.000000 0.000000 0.000000 0.640000
16 76 0 0.000000 0.000000 0.000000 0.640000
17 61 0 0.000000 0.000000 0.000000 0.640000
