0 181 25 0.010200 4.554000 0.000000 1.000000
1 247 22 0.041100 2.993000 0.014300 0.000000
2 212 25 0.015600 5.840000 0.000000 1.000000
3 244 25 0.012500 4.165000 0.000000 1.000000
4 130 27 0.049000 6.549000 0.014400 1.000000
5 116 29 0.072200 7.146000 0.028200 1.000000
6 130 46 0.013000 19.530000 -0.038700 1.000000
7 1000000 37 0.015600 10.280000 0.000000 1.000000
8 1000000 37 0.022900 9.492000 0.000000 1.000000
9 1000000 27 0.018600 8.697000 0.000000 0.000000
10 1000000 28 0.010500 8.639000 0.000000 1.000000
11 1000000 26 0.014300 4.878000 0.000000 1.000000
12 1000000 35 0.007300 8.644000 0.000000 1.000000
13 1000000 28 0.011000 7.251000 0.000000 1.000000
14 1000000 0 0.000000 0.000000 0.000000 0.640000
15 38 0 0.000000 0.000000 0.000000 0.640000
16 1000000 0 0.000000 0.000000 0.000000 0.640000
17 75 0 0.000000 0.000000 0.000000 0.640000
